0.316566617533
1.27780890341
-0.0842651455297
-0.834046738255
0.0311669517215
-0.613703942266
-0.274017899322
0.142874468776
0.844543392978
-0.227686867042
-1.66475654359
0.301684836661
0.133853730798
-1.39342112576
0.492821550908
-1.69181274166
-0.0201429041331
1.68333557137
0.400421242855
1.84381831606
-0.971653476615
2.18353820875
-2.03797329793
0.749285182878
-0.0505061659158
0.666066405769
2.34784543048
1.2760301304
0.192261332043
0.370019146611
2.16360931937
0.462425442222
2.69523199382
0.0341585629922
2.75645716036
1.98270088982
4.07623398924
4.30069599735
6.30458362541
8.10252012184
8.63844438554
11.7213625759
12.9861005522
14.9767305357
16.763626438
21.6202282656
24.8916236203
24.6437260331
30.2123993776
33.4401442468
37.1014944501
37.642253526
39.5997923636
41.4839300235
43.5843695511
45.496796819
45.1606365711
46.4884540648
43.2344152872
41.4210072873
38.7531809358
37.6055272453
37.5249632872
34.9256940726
30.3639333273
25.0406691862
23.8240393306
22.0650060617
20.062306598
15.072647425
14.5298417704
11.6707368445
7.27736770737
8.34694524395
7.59269667176
5.27365497356
2.40366130035
2.57958494657
3.02057411813
1.98829814366
2.1938530632
1.44396527307
-0.68740545606
0.63415807352
-0.422727562083
0.673518289938
-3.28456948415
0.0402263214116
0.5947424904
-0.218556654213
-0.115957749069
0.743885689835
1.28976116662
1.7262842487
1.28866769698
0.470041063982
1.7148423413
0.449930436027
1.75944263104
-1.30884588787
