52144.000000000000  1787.030076685339  0.100000000000
52144.006012024045  1585.318405907478  0.100000000000
52144.012024048097  1397.336732875758  0.100000000000
52144.018036072142  1221.194895297196  0.100000000000
52144.024048096195  1055.159633450098  0.100000000000
52144.030060120240  897.988171915180  0.100000000000
52144.036072144292  748.438858035008  0.100000000000
52144.042084168337  605.486757770184  0.100000000000
52144.048096192382  468.364761064877  0.100000000000
52144.054108216435  336.287220496534  0.100000000000
52144.060120240480  208.648856309592  0.100000000000
52144.066132264532  84.799325384872  0.100000000000
52144.072144288577  -35.715751156811  0.100000000000
52144.078156312622  -153.252824968033  0.100000000000
52144.084168336674  -268.358506049494  0.100000000000
52144.090180360719  -381.310353941229  0.100000000000
52144.096192384772  -492.461611722707  0.100000000000
52144.102204408817  -602.172578796987  0.100000000000
52144.108216432869  -710.665597289882  0.100000000000
52144.114228456914  -818.143162014104  0.100000000000
52144.120240480959  -924.975540125295  0.100000000000
52144.126252505012  -1031.380641419149  0.100000000000
52144.132264529057  -1137.512229485159  0.100000000000
52144.138276553109  -1243.623966757698  0.100000000000
52144.144288577154  -1349.864981341593  0.100000000000
52144.150300601199  -1456.354827238630  0.100000000000
52144.156312625251  -1563.340383954089  0.100000000000
52144.162324649296  -1670.717716816732  0.100000000000
52144.168336673349  -1778.485889228603  0.100000000000
52144.174348697394  -1886.598221596962  0.100000000000
52144.180360721446  -1994.702848129175  0.100000000000
52144.186372745491  -2101.925396227664  0.100000000000
52144.192384769536  -2207.202806788618  0.100000000000
52144.198396793588  -2308.593804752775  0.100000000000
52144.204408817634  -2402.283380432905  0.100000000000
52144.210420841686  -2482.138612714391  0.100000000000
52144.216432865731  -2536.894295973927  0.100000000000
52144.222444889776  -2545.797862544030  0.100000000000
52144.228456913828  -2469.039106445509  0.100000000000
52144.234468937873  -2227.467961316073  0.100000000000
52144.240480961926  -1665.135726905184  0.100000000000
52144.246492985971  -522.832920335199  0.100000000000
52144.252505010023  1333.810951573428  0.100000000000
52144.258517034068  3212.696277533582  0.100000000000
52144.264529058113  4150.429447993408  0.100000000000
52144.270541082165  4264.230557579981  0.100000000000
52144.276553106210  4025.314905345715  0.100000000000
52144.282565130263  3684.582101535475  0.100000000000
52144.288577154308  3334.617857542314  0.100000000000
52144.294589178360  3004.753547288882  0.100000000000
52144.300601202405  2702.109794091447  0.100000000000
52144.306613226450  2426.125493980679  0.100000000000
52144.312625250503  2174.240689558639  0.100000000000
52144.318637274548  1943.199442390698  0.100000000000
52144.324649298600  1730.109792249728  0.100000000000
52144.330661322645  1532.359349732573  0.100000000000
52144.336673346690  1347.800609205549  0.100000000000
52144.342685370742  1174.621781388413  0.100000000000
52144.348697394787  1011.158478316363  0.100000000000
52144.354709418840  856.153177659409  0.100000000000
52144.360721442885  708.464863979210  0.100000000000
52144.366733466937  567.244435132015  0.100000000000
52144.372745490982  431.570359205152  0.100000000000
52144.378757515027  300.816567686908  0.100000000000
52144.384769539080  174.213907464774  0.100000000000
52144.390781563125  51.384383610717  0.100000000000
52144.396793587177  -68.316496002932  0.100000000000
52144.402805611222  -185.103106001748  0.100000000000
52144.408817635267  -299.607727139159  0.100000000000
52144.414829659319  -412.034219557817  0.100000000000
52144.420841683364  -522.773662413049  0.100000000000
52144.426853707417  -632.112126983653  0.100000000000
52144.432865731462  -740.195600358763  0.100000000000
52144.438877755514  -847.586396976692  0.100000000000
52144.444889779559  -954.223771991831  0.100000000000
52144.450901803604  -1060.563943720786  0.100000000000
52144.456913827657  -1166.642793633092  0.100000000000
52144.462925851702  -1272.767788755226  0.100000000000
52144.468937875754  -1379.082621887831  0.100000000000
52144.474949899799  -1485.732793059906  0.100000000000
52144.480961923851  -1592.742598006693  0.100000000000
52144.486973947896  -1700.251492482665  0.100000000000
52144.492985971941  -1808.212404915585  0.100000000000
52144.498997995994  -1916.333630173485  0.100000000000
52144.505010020039  -2024.235701626716  0.100000000000
52144.511022044091  -2131.160657457611  0.100000000000
52144.517034068136  -2235.620260061116  0.100000000000
52144.523046092181  -2335.264540206664  0.100000000000
52144.529058116234  -2426.004437308037  0.100000000000
52144.535070140279  -2500.284432266963  0.100000000000
52144.541082164331  -2545.107965827510  0.100000000000
52144.547094188376  -2535.619651432677  0.100000000000
52144.553106212428  -2423.842069377426  0.100000000000
52144.559118236473  -2114.081278412252  0.100000000000
52144.565130260518  -1421.561600135374  0.100000000000
52144.571142284571  -75.424428118723  0.100000000000
52144.577154308616  1901.113599829739  0.100000000000
52144.583166332668  3578.547974792816  0.100000000000
52144.589178356713  4241.166920558018  0.100000000000
52144.595190380758  4218.880436198636  0.100000000000
52144.601202404810  3936.100757927741  0.100000000000
52144.607214428856  3587.475153059419  0.100000000000
52144.613226452908  3241.460931901322  0.100000000000
52144.619238476953  2918.863964992770  0.100000000000
52144.625250501005  2623.666026005131  0.100000000000
52144.631262525050  2354.691020922894  0.100000000000
52144.637274549095  2108.811527061521  0.100000000000
52144.643286573148  1882.996018105431  0.100000000000
52144.649298597193  1674.358823628582  0.100000000000
52144.655310621245  1480.434110435065  0.100000000000
52144.661322645290  1299.199384571330  0.100000000000
52144.667334669335  1128.777548668433  0.100000000000
52144.673346693387  967.733811298765  0.100000000000
52144.679358717432  814.924139710293  0.100000000000
52144.685370741485  669.145372003993  0.100000000000
52144.691382765530  529.489220445348  0.100000000000
52144.697394789582  395.208897390068  0.100000000000
52144.703406813627  265.585205742464  0.100000000000
52144.709418837672  140.166322946111  0.100000000000
52144.715430861725  18.185406580398  0.100000000000
52144.721442885770  -100.610345595837  0.100000000000
52144.727454909822  -216.802334578140  0.100000000000
52144.733466933867  -330.688760156585  0.100000000000
52144.739478957919  -442.565364187501  0.100000000000
52144.745490981964  -552.905812895229  0.100000000000
52144.751503006009  -661.893466716593  0.100000000000
52144.757515030062  -769.812665577608  0.100000000000
52144.763527054107  -876.934345389752  0.100000000000
52144.769539078159  -983.455220895307  0.100000000000
52144.775551102204  -1089.722759930496  0.100000000000
52144.781563126249  -1195.814631443248  0.100000000000
52144.787575150302  -1301.925406642132  0.100000000000
52144.793587174347  -1408.368711969981  0.100000000000
52144.799599198399  -1515.081717508627  0.100000000000
52144.805611222444  -1622.256124185378  0.100000000000
52144.811623246496  -1729.893878349523  0.100000000000
52144.817635270541  -1837.889348636330  0.100000000000
52144.823647294586  -1946.009018036892  0.100000000000
52144.829659318639  -2053.759214236941  0.100000000000
52144.835671342684  -2160.127223252652  0.100000000000
52144.841683366736  -2263.633631205477  0.100000000000
52144.847695390781  -2361.324450181958  0.100000000000
52144.853707414826  -2448.441142304088  0.100000000000
52144.859719438879  -2516.359994847984  0.100000000000
52144.865731462924  -2549.392354863419  0.100000000000
52144.871743486976  -2518.005556888935  0.100000000000
52144.877755511021  -2364.289989548379  0.100000000000
52144.883767535073  -1972.617661254094  0.100000000000
52144.889779559118  -1127.631506556439  0.100000000000
52144.895791583163  426.907958831579  0.100000000000
52144.901803607216  2444.352159805577  0.100000000000
52144.907815631261  3859.538204072089  0.100000000000
52144.913827655313  4280.816390811670  0.100000000000
52144.919839679358  4155.350188801058  0.100000000000
52144.925851703410  3842.535239914320  0.100000000000
52144.931863727455  3490.769117627679  0.100000000000
52144.937875751501  3150.127556502838  0.100000000000
52144.943887775553  2835.012531957766  0.100000000000
52144.949899799598  2547.229822196942  0.100000000000
52144.955911823650  2284.929847191317  0.100000000000
52144.961923847695  2044.878165208118  0.100000000000
52144.967935871740  1824.081113512549  0.100000000000
52144.973947895793  1619.720152313674  0.100000000000
52144.979959919838  1429.460953450216  0.100000000000
52144.985971943890  1251.304778251809  0.100000000000
52144.991983967935  1083.708318453426  0.100000000000
52144.997995991987  925.023642368588  0.100000000000
52145.004008016032  774.212141839624  0.100000000000
52145.010020040078  630.183039443216  0.100000000000
52145.016032064130  492.068050996755  0.100000000000
52145.022044088175  359.174399798684  0.100000000000
52145.028056112227  230.754774876049  0.100000000000
52145.034068136272  106.281539682892  0.100000000000
52145.040080160317  -14.756327751700  0.100000000000
52145.046092184370  -132.786820502205  0.100000000000
52145.052104208415  -248.313048305718  0.100000000000
52145.058116232467  -361.617896694446  0.100000000000
52145.064128256512  -473.045040438814  0.100000000000
52145.070140280564  -582.970006758047  0.100000000000
52145.076152304609  -691.652666527207  0.100000000000
52145.082164328654  -799.354670150482  0.100000000000
52145.088176352707  -906.257668072685  0.100000000000
52145.094188376752  -1012.703165745123  0.100000000000
52145.100200400804  -1118.880425196247  0.100000000000
52145.106212424849  -1224.958741246178  0.100000000000
52145.112224448894  -1331.198865861928  0.100000000000
52145.118236472947  -1437.606726834656  0.100000000000
52145.124248496992  -1544.515289319558  0.100000000000
52145.130260521044  -1651.782186198499  0.100000000000
52145.136272545089  -1759.527078420685  0.100000000000
52145.142284569141  -1867.624016183503  0.100000000000
52145.148296593186  -1975.655762774352  0.100000000000
52145.154308617231  -2083.178109909091  0.100000000000
52145.160320641284  -2188.957881002371  0.100000000000
52145.166332665329  -2291.228589509657  0.100000000000
52145.172344689381  -2386.621391397453  0.100000000000
52145.178356713426  -2469.488501100321  0.100000000000
52145.184368737479  -2529.835401670239  0.100000000000
52145.190380761524  -2548.966800380037  0.100000000000
52145.196392785569  -2491.477733719391  0.100000000000
52145.202404809621  -2287.387081589065  0.100000000000
52145.208416833666  -1797.555779325533  0.100000000000
52145.214428857718  -777.740585531190  0.100000000000
52145.220440881763  971.925640805600  0.100000000000
52145.226452905808  2935.710505608240  0.100000000000
52145.232464929861  4060.012182209866  0.100000000000
52145.238476953906  4280.697796901185  0.100000000000
52145.244488977958  4079.058906200828  0.100000000000
52145.250501002003  3746.598946379254  0.100000000000
52145.256513026055  3395.085697670582  0.100000000000
52145.262525050101  3060.840103716274  0.100000000000
52145.268537074146  2753.277822471194  0.100000000000
52145.274549098198  2472.760374810146  0.100000000000
52145.280561122243  2216.902198012271  0.100000000000
52145.286573146295  1982.445192414826  0.100000000000
52145.292585170340  1766.393475287728  0.100000000000
52145.298597194385  1566.099565107040  0.100000000000
52145.304609218438  1379.395586670442  0.100000000000
52145.310621242483  1204.295932534309  0.100000000000
52145.316633266535  1039.214475621878  0.100000000000
52145.322645290580  882.857543590966  0.100000000000
52145.328657314632  733.974939512453  0.100000000000
52145.334669338677  591.698737103816  0.100000000000
52145.340681362723  455.063541856717  0.100000000000
52145.346693386775  323.462231779219  0.100000000000
52145.352705410820  196.221366127333  0.100000000000
52145.358717434872  72.690961969397  0.100000000000
52145.364729458917  -47.486536017871  0.100000000000
52145.370741482962  -164.775270812335  0.100000000000
52145.376753507015  -279.646207043520  0.100000000000
52145.382765531060  -392.423700661463  0.100000000000
52145.388777555112  -503.387074199748  0.100000000000
52145.394789579157  -612.949048629248  0.100000000000
52145.400801603209  -721.319769211464  0.100000000000
52145.406813627254  -828.790425351855  0.100000000000
52145.412825651299  -935.559090704728  0.100000000000
52145.418837675352  -1041.879487526581  0.100000000000
52145.424849699397  -1148.047492898481  0.100000000000
52145.430861723449  -1254.142461915917  0.100000000000
52145.436873747494  -1360.348500514740  0.100000000000
52145.442885771547  -1466.961943927638  0.100000000000
52145.448897795592  -1573.964342597320  0.100000000000
52145.454909819637  -1681.395804342595  0.100000000000
52145.460921843689  -1789.215825430074  0.100000000000
52145.466933867734  -1897.323296889805  0.100000000000
52145.472945891786  -2005.351532145488  0.100000000000
52145.478957915831  -2112.454287877214  0.100000000000
52145.484969939876  -2217.502777350209  0.100000000000
52145.490981963929  -2318.214056768371  0.100000000000
52145.496993987974  -2410.966660778065  0.100000000000
52145.503006012026  -2488.932218311715  0.100000000000
52145.509018036071  -2540.200401109237  0.100000000000
52145.515030060124  -2542.938377179363  0.100000000000
52145.521042084169  -2454.216411493521  0.100000000000
52145.527054108214  -2189.548864742036  0.100000000000
52145.533066132266  -1582.715473003013  0.100000000000
52145.539078156311  -368.379772071896  0.100000000000
52145.545090180363  1539.195528976148  0.100000000000
52145.551102204408  3354.326218582157  0.100000000000
52145.557114228453  4189.749959574911  0.100000000000
52145.563126252506  4250.374710062430  0.100000000000
52145.569138276551  3993.786758544601  0.100000000000
52145.575150300603  3649.572894414172  0.100000000000
52145.581162324648  3300.899922857251  0.100000000000
52145.587174348701  2973.527834224558  0.100000000000
52145.593186372746  2673.583365178851  0.100000000000
52145.599198396791  2400.150053273172  0.100000000000
52145.605210420843  2150.457713327939  0.100000000000
52145.611222444888  1921.349763696626  0.100000000000
52145.617234468940  1709.834037355249  0.100000000000
52145.623246492985  1513.548885155710  0.100000000000
52145.629258517038  1330.215952163366  0.100000000000
52145.635270541083  1158.034457506712  0.100000000000
52145.641282565128  995.494639037874  0.100000000000
52145.647294589180  841.256503552167  0.100000000000
52145.653306613225  694.296125079752  0.100000000000
52145.659318637277  553.604882402548  0.100000000000
52145.665330661323  418.426606667233  0.100000000000
52145.671342685368  288.090604321844  0.100000000000
52145.677354709420  161.944519902221  0.100000000000
52145.683366733465  39.417606539254  0.100000000000
52145.689378757517  -79.947794197543  0.100000000000
52145.695390781562  -196.577615493424  0.100000000000
52145.701402805615  -310.817003390939  0.100000000000
52145.707414829660  -423.073257756510  0.100000000000
52145.713426853705  -533.611382821006  0.100000000000
52145.719438877757  -642.798282232009  0.100000000000
52145.725450901802  -750.882998641996  0.100000000000
52145.731462925854  -858.148913706450  0.100000000000
52145.737474949899  -964.791464553410  0.100000000000
52145.743486973945  -1071.064913191329  0.100000000000
52145.749498997997  -1177.193337517795  0.100000000000
52145.755511022042  -1283.305406041050  0.100000000000
52145.761523046094  -1389.643874855930  0.100000000000
52145.767535070139  -1496.273485208546  0.100000000000
52145.773547094192  -1603.354256631819  0.100000000000
52145.779559118237  -1710.964275248072  0.100000000000
52145.785571142282  -1818.895698731558  0.100000000000
52145.791583166334  -1927.050987274956  0.100000000000
52145.797595190379  -2034.875497627910  0.100000000000
52145.803607214431  -2141.598011654109  0.100000000000
52145.809619238476  -2245.756843522997  0.100000000000
52145.815631262521  -2344.739830153123  0.100000000000
52145.821643286574  -2434.175198293099  0.100000000000
52145.827655310619  -2506.337318701649  0.100000000000
52145.833667334671  -2547.155858913482  0.100000000000
52145.839679358716  -2530.201452559667  0.100000000000
52145.845691382769  -2404.201647769941  0.100000000000
52145.851703406814  -2066.644101156900  0.100000000000
52145.857715430859  -1321.750542451760  0.100000000000
52145.863727454911  99.674240122271  0.100000000000
52145.869739478956  2101.256283142167  0.100000000000
52145.875751503008  3689.494148958261  0.100000000000
52145.881763527053  4260.691774449879  0.100000000000
52145.887775551106  4197.777482828642  0.100000000000
52145.893787575151  3902.749963642561  0.100000000000
52145.899799599196  3552.499705443246  0.100000000000
52145.905811623248  3208.316608871938  0.100000000000
52145.911823647293  2888.421010791841  0.100000000000
52145.917835671346  2595.946791081504  0.100000000000
52145.923847695391  2329.334524803474  0.100000000000
52145.929859719436  2085.635359162867  0.100000000000
52145.935871743488  1861.593219339395  0.100000000000
52145.941883767533  1654.508405787641  0.100000000000
52145.947895791585  1461.975517235066  0.100000000000
52145.953907815630  1281.868069095429  0.100000000000
52145.959919839683  1112.439367731969  0.100000000000
52145.965931863728  952.271595747746  0.100000000000
52145.971943887773  800.159923505578  0.100000000000
52145.977955911825  655.027981943001  0.100000000000
52145.983967935870  515.942402801853  0.100000000000
52145.989979959922  382.162338990914  0.100000000000
52145.995991983968  253.026339451054  0.100000000000
52146.002004008013  127.914033300418  0.100000000000
52146.008016032065  6.278806508072  0.100000000000
52146.014028056110  -112.254922165122  0.100000000000
52146.020040080162  -228.184487694337  0.100000000000
52146.026052104207  -341.866038097705  0.100000000000
52146.032064128260  -453.578087452456  0.100000000000
52146.038076152305  -563.742164011034  0.100000000000
52146.044088176350  -672.610645857999  0.100000000000
52146.050100200402  -780.432196823468  0.100000000000
52146.056112224447  -887.474360658797  0.100000000000
52146.062124248499  -994.032668762535  0.100000000000
52146.068136272545  -1100.243180727909  0.100000000000
52146.074148296590  -1206.316667239260  0.100000000000
52146.080160320642  -1312.509889370957  0.100000000000
52146.086172344687  -1418.903810297340  0.100000000000
52146.092184368739  -1525.690019827560  0.100000000000
52146.098196392784  -1632.899637538551  0.100000000000
52146.104208416837  -1740.576331111313  0.100000000000
52146.110220440882  -1848.633384610972  0.100000000000
52146.116232464927  -1956.737176689109  0.100000000000
52146.122244488979  -2064.386351137992  0.100000000000
52146.128256513024  -2170.584957667052  0.100000000000
52146.134268537076  -2273.576483222703  0.100000000000
52146.140280561121  -2370.502910989657  0.100000000000
52146.146292585174  -2456.224144989311  0.100000000000
52146.152304609219  -2521.483307155851  0.100000000000
52146.158316633264  -2549.778882577034  0.100000000000
52146.164328657316  -2509.553343811454  0.100000000000
52146.170340681361  -2338.725730313242  0.100000000000
52146.176352705414  -1913.697540003731  0.100000000000
52146.182364729459  -1008.220509401437  0.100000000000
52146.188376753504  619.307086542090  0.100000000000
52146.194388777556  2628.719399424936  0.100000000000
52146.200400801601  3940.620646861773  0.100000000000
52146.206412825653  4284.834165569007  0.100000000000
52146.212424849698  4129.087234917623  0.100000000000
52146.218436873751  3808.172055798750  0.100000000000
52146.224448897796  3456.163402048460  0.100000000000
52146.230460921841  3117.705328238502  0.100000000000
52146.236472945893  2805.323973520378  0.100000000000
52146.242484969938  2520.241549782407  0.100000000000
52146.248496993991  2260.207463263140  0.100000000000
52146.254509018036  2022.218278639440  0.100000000000
52146.260521042081  1803.135110185184  0.100000000000
52146.266533066133  1600.262246798726  0.100000000000
52146.272545090178  1411.333122833465  0.100000000000
52146.278557114230  1234.275729501908  0.100000000000
52146.284569138275  1067.565888542833  0.100000000000
52146.290581162328  909.726156495452  0.100000000000
52146.296593186373  759.664978081380  0.100000000000
52146.302605210418  616.226577406183  0.100000000000
52146.308617234470  478.668829550886  0.100000000000
52146.314629258515  346.234424604592  0.100000000000
52146.320641282568  218.299783305133  0.100000000000
52146.326653306613  94.147869968963  0.100000000000
52146.332665330665  -26.558841193727  0.100000000000
52146.338677354710  -144.357485971911  0.100000000000
52146.344689378755  -259.619863028635  0.100000000000
52146.350701402807  -372.698705920038  0.100000000000
52146.356713426852  -484.033417307121  0.100000000000
52146.362725450905  -593.767925335653  0.100000000000
52146.368737474950  -702.356614592398  0.100000000000
52146.374749498995  -809.931067032707  0.100000000000
52146.380761523047  -916.790077530849  0.100000000000
52146.386773547092  -1023.228287761529  0.100000000000
52146.392785571144  -1129.354937195345  0.100000000000
52146.398797595190  -1235.489053746453  0.100000000000
52146.404809619242  -1341.702354673484  0.100000000000
52146.410821643287  -1448.185176737637  0.100000000000
52146.416833667332  -1555.073048021013  0.100000000000
52146.422845691384  -1662.419623028689  0.100000000000
52146.428857715429  -1770.231671326880  0.100000000000
52146.434869739482  -1878.291510025675  0.100000000000
52146.440881763527  -1986.380370835724  0.100000000000
52146.446893787572  -2093.754062351114  0.100000000000
52146.452905811624  -2199.267148799321  0.100000000000
52146.458917835669  -2301.033972483984  0.100000000000
52146.464929859721  -2395.486545180678  0.100000000000
52146.470941883766  -2476.722281743146  0.100000000000
52146.476953907819  -2533.963520526765  0.100000000000
52146.482965931864  -2547.464632951705  0.100000000000
52146.488977955909  -2479.386968505498  0.100000000000
52146.494989979961  -2254.754170252412  0.100000000000
52146.501002004006  -1725.002120133497  0.100000000000
52146.507014028059  -637.088115956868  0.100000000000
52146.513026052104  1175.123857469944  0.100000000000
52146.519038076149  3095.692219047454  0.100000000000
52146.525050100201  4114.288169551904  0.100000000000
52146.531062124246  4272.779579087388  0.100000000000
52146.537074148298  4049.134904183083  0.100000000000
52146.543086172343  3711.691910146300  0.100000000000
52146.549098196396  3360.898120258380  0.100000000000
52146.555110220441  3029.108159591350  0.100000000000
52146.561122244486  2724.339708887701  0.100000000000
52146.567134268538  2446.430469339027  0.100000000000
52146.573146292583  2192.761072726214  0.100000000000
52146.579158316636  1960.218665831556  0.100000000000
52146.585170340681  1745.930174633598  0.100000000000
52146.591182364733  1547.044833957157  0.100000000000
52146.597194388778  1361.577542172844  0.100000000000
52146.603206412823  1187.538110720853  0.100000000000
52146.609218436875  1023.402311924613  0.100000000000
52146.615230460920  867.743211760182  0.100000000000
52146.621242484973  719.627476076926  0.100000000000
52146.627254509018  577.844848969639  0.100000000000
52146.633266533063  441.794290170405  0.100000000000
52146.639278557115  310.640631944551  0.100000000000
52146.645290581160  183.769882337346  0.100000000000
52146.651302605213  60.669930382881  0.100000000000
52146.657314629258  -59.210846839311  0.100000000000
52146.663326653310  -176.267745519382  0.100000000000
52146.669338677355  -290.879156201587  0.100000000000
52146.675350701400  -403.453926125271  0.100000000000
52146.681362725452  -514.335824009117  0.100000000000
52146.687374749497  -623.741380954934  0.100000000000
52146.693386773550  -731.957263923181  0.100000000000
52146.699398797595  -839.316285523208  0.100000000000
52146.705410821640  -946.140031150216  0.100000000000
52146.711422845692  -1052.422460109862  0.100000000000
52146.717434869737  -1158.554713613959  0.100000000000
52146.723446893790  -1264.641956543030  0.100000000000
52146.729458917835  -1370.873537767359  0.100000000000
52146.735470941887  -1477.538374117954  0.100000000000
52146.741482965932  -1584.553514638378  0.100000000000
52146.747494989977  -1692.033965479714  0.100000000000
52146.753507014029  -1799.929864846925  0.100000000000
52146.759519038074  -1908.044885422358  0.100000000000
52146.765531062127  -2015.984788481125  0.100000000000
52146.771543086172  -2123.014646330669  0.100000000000
52146.777555110224  -2227.749880156938  0.100000000000
52146.783567134269  -2327.892747132295  0.100000000000
52146.789579158314  -2419.425187500952  0.100000000000
52146.795591182366  -2495.455617793137  0.100000000000
52146.801603206412  -2543.185980174817  0.100000000000
52146.807615230464  -2539.210671353876  0.100000000000
52146.813627254509  -2437.852992610204  0.100000000000
52146.819639278554  -2148.377671471129  0.100000000000
52146.825651302606  -1494.252941405857  0.100000000000
52146.831663326651  -206.198304928500  0.100000000000
52146.837675350704  1743.884968312954  0.100000000000
52146.843687374749  3484.964113767392  0.100000000000
52146.849699398801  4221.500333365679  0.100000000000
52146.855711422846  4233.642509778756  0.100000000000
52146.861723446891  3961.494354226224  0.100000000000
52146.867735470943  3614.521956239224  0.100000000000
52146.873747494988  3267.284463614726  0.100000000000
52146.879759519041  2942.645437277732  0.100000000000
52146.885771543086  2645.410991357689  0.100000000000
52146.891783567131  2374.480922639778  0.100000000000
52146.897795591183  2126.908002233663  0.100000000000
52146.903807615228  1899.692819641094  0.100000000000
52146.909819639281  1689.824069406347  0.100000000000
52146.915831663326  1494.898226651386  0.100000000000
52146.921843687378  1312.677012443185  0.100000000000
52146.927855711423  1141.530366804899  0.100000000000
52146.933867735468  979.858098175990  0.100000000000
52146.939879759520  826.373319428952  0.100000000000
52146.945891783565  680.028611889230  0.100000000000
52146.951903807618  539.989717863970  0.100000000000
52146.957915831663  405.290684868932  0.100000000000
52146.963927855708  275.406175397195  0.100000000000
52146.969939879760  149.634460220678  0.100000000000
52146.975951903805  27.413790217481  0.100000000000
52146.981963927858  -91.594304510641  0.100000000000
52146.987975951903  -207.958186042268  0.100000000000
52146.993987975955  -321.992029312524  0.100000000000
52147.000000000000  -434.153660085403  0.100000000000
