# paas.std J1713+0747 1496.88 2048 2
0 0 0 0 0
1 0 0 0 0
2 0 0 0 0
3 0 0 0 0
4 0 0 0 0
5 0 0 0 0
6 0 0 0 0
7 0 0 0 0
8 0 0 0 0
9 0 0 0 0
10 0 0 0 0
11 0 0 0 0
12 0 0 0 0
13 0 0 0 0
14 0 0 0 0
15 0 0 0 0
16 0 0 0 0
17 0 0 0 0
18 0 0 0 0
19 0 0 0 0
20 0 0 0 0
21 0 0 0 0
22 0 0 0 0
23 0 0 0 0
24 0 0 0 0
25 0 0 0 0
26 0 0 0 0
27 0 0 0 0
28 0 0 0 0
29 0 0 0 0
30 0 0 0 0
31 0 0 0 0
32 0 0 0 0
33 0 0 0 0
34 0 0 0 0
35 0 0 0 0
36 0 0 0 0
37 0 0 0 0
38 0 0 0 0
39 0 0 0 0
40 0 0 0 0
41 0 0 0 0
42 0 0 0 0
43 0 0 0 0
44 0 0 0 0
45 0 0 0 0
46 0 0 0 0
47 0 0 0 0
48 0 0 0 0
49 0 0 0 0
50 0 0 0 0
51 0 0 0 0
52 0 0 0 0
53 0 0 0 0
54 0 0 0 0
55 0 0 0 0
56 0 0 0 0
57 0 0 0 0
58 0 0 0 0
59 0 0 0 0
60 0 0 0 0
61 0 0 0 0
62 0 0 0 0
63 0 0 0 0
64 0 0 0 0
65 0 0 0 0
66 0 0 0 0
67 0 0 0 0
68 0 0 0 0
69 0 0 0 0
70 0 0 0 0
71 0 0 0 0
72 0 0 0 0
73 0 0 0 0
74 0 0 0 0
75 0 0 0 0
76 0 0 0 0
77 0 0 0 0
78 0 0 0 0
79 0 0 0 0
80 0 0 0 0
81 0 0 0 0
82 0 0 0 0
83 0 0 0 0
84 0 0 0 0
85 0 0 0 0
86 0 0 0 0
87 0 0 0 0
88 0 0 0 0
89 0 0 0 0
90 0 0 0 0
91 0 0 0 0
92 0 0 0 0
93 0 0 0 0
94 0 0 0 0
95 0 0 0 0
96 0 0 0 0
97 0 0 0 0
98 0 0 0 0
99 0 0 0 0
100 0 0 0 0
101 0 0 0 0
102 0 0 0 0
103 0 0 0 0
104 0 0 0 0
105 0 0 0 0
106 0 0 0 0
107 0 0 0 0
108 0 0 0 0
109 0 0 0 0
110 0 0 0 0
111 0 0 0 0
112 0 0 0 0
113 0 0 0 0
114 0 0 0 0
115 0 0 0 0
116 0 0 0 0
117 0 0 0 0
118 0 0 0 0
119 0 0 0 0
120 0 0 0 0
121 0 0 0 0
122 0 0 0 0
123 0 0 0 0
124 0 0 0 0
125 0 0 0 0
126 0 0 0 0
127 0 0 0 0
128 0 0 0 0
129 0 0 0 0
130 0 0 0 0
131 0 0 0 0
132 0 0 0 0
133 0 0 0 0
134 0 0 0 0
135 0 0 0 0
136 0 0 0 0
137 0 0 0 0
138 0 0 0 0
139 0 0 0 0
140 0 0 0 0
141 0 0 0 0
142 0 0 0 0
143 0 0 0 0
144 0 0 0 0
145 0 0 0 0
146 0 0 0 0
147 0 0 0 0
148 0 0 0 0
149 0 0 0 0
150 0 0 0 0
151 0 0 0 0
152 0 0 0 0
153 0 0 0 0
154 0 0 0 0
155 0 0 0 0
156 0 0 0 0
157 0 0 0 0
158 0 0 0 0
159 0 0 0 0
160 0 0 0 0
161 0 0 0 0
162 0 0 0 0
163 0 0 0 0
164 0 0 0 0
165 0 0 0 0
166 0 0 0 0
167 0 0 0 0
168 0 0 0 0
169 0 0 0 0
170 0 0 0 0
171 0 0 0 0
172 0 0 0 0
173 0 0 0 0
174 0 0 0 0
175 0 0 0 0
176 0 0 0 0
177 0 0 0 0
178 0 0 0 0
179 0 0 0 0
180 0 0 0 0
181 0 0 0 0
182 0 0 0 0
183 0 0 0 0
184 0 0 0 0
185 0 0 0 0
186 0 0 0 0
187 0 0 0 0
188 0 0 0 0
189 0 0 0 0
190 0 0 0 0
191 0 0 0 0
192 0 0 0 0
193 0 0 0 0
194 0 0 0 0
195 0 0 0 0
196 0 0 0 0
197 0 0 0 0
198 0 0 0 0
199 0 0 0 0
200 0 0 0 0
201 0 0 0 0
202 0 0 0 0
203 0 0 0 0
204 0 0 0 0
205 0 0 0 0
206 0 0 0 0
207 0 0 0 0
208 0 0 0 0
209 0 0 0 0
210 0 0 0 0
211 0 0 0 0
212 0 0 0 0
213 0 0 0 0
214 0 0 0 0
215 0 0 0 0
216 0 0 0 0
217 0 0 0 0
218 0 0 0 0
219 0 0 0 0
220 0 0 0 0
221 0 0 0 0
222 0 0 0 0
223 0 0 0 0
224 0 0 0 0
225 0 0 0 0
226 0 0 0 0
227 0 0 0 0
228 0 0 0 0
229 0 0 0 0
230 0 0 0 0
231 0 0 0 0
232 0 0 0 0
233 0 0 0 0
234 0 0 0 0
235 0 0 0 0
236 0 0 0 0
237 0 0 0 0
238 0 0 0 0
239 0 0 0 0
240 0 0 0 0
241 0 0 0 0
242 0 0 0 0
243 0 0 0 0
244 0 0 0 0
245 0 0 0 0
246 0 0 0 0
247 0 0 0 0
248 0 0 0 0
249 0 0 0 0
250 0 0 0 0
251 0 0 0 0
252 0 0 0 0
253 0 0 0 0
254 0 0 0 0
255 0 0 0 0
256 0 0 0 0
257 0 0 0 0
258 0 0 0 0
259 0 0 0 0
260 0 0 0 0
261 0 0 0 0
262 0 0 0 0
263 0 0 0 0
264 0 0 0 0
265 0 0 0 0
266 0 0 0 0
267 0 0 0 0
268 0 0 0 0
269 0 0 0 0
270 0 0 0 0
271 0 0 0 0
272 0 0 0 0
273 0 0 0 0
274 0 0 0 0
275 0 0 0 0
276 0 0 0 0
277 0 0 0 0
278 0 0 0 0
279 0 0 0 0
280 0 0 0 0
281 0 0 0 0
282 0 0 0 0
283 0 0 0 0
284 0 0 0 0
285 0 0 0 0
286 0 0 0 0
287 0 0 0 0
288 0 0 0 0
289 0 0 0 0
290 0 0 0 0
291 0 0 0 0
292 0 0 0 0
293 0 0 0 0
294 0 0 0 0
295 0 0 0 0
296 0 0 0 0
297 0 0 0 0
298 0 0 0 0
299 0 0 0 0
300 0 0 0 0
301 0 0 0 0
302 0 0 0 0
303 0 0 0 0
304 0 0 0 0
305 0 0 0 0
306 0 0 0 0
307 0 0 0 0
308 0 0 0 0
309 0 0 0 0
310 0 0 0 0
311 0 0 0 0
312 0 0 0 0
313 0 0 0 0
314 0 0 0 0
315 0 0 0 0
316 0 0 0 0
317 0 0 0 0
318 0 0 0 0
319 0 0 0 0
320 0 0 0 0
321 0 0 0 0
322 0 0 0 0
323 0 0 0 0
324 0 0 0 0
325 0 0 0 0
326 0 0 0 0
327 0 0 0 0
328 0 0 0 0
329 0 0 0 0
330 0 0 0 0
331 0 0 0 0
332 0 0 0 0
333 0 0 0 0
334 0 0 0 0
335 0 0 0 0
336 0 0 0 0
337 0 0 0 0
338 0 0 0 0
339 0 0 0 0
340 0 0 0 0
341 0 0 0 0
342 0 0 0 0
343 0 0 0 0
344 0 0 0 0
345 0 0 0 0
346 0 0 0 0
347 0 0 0 0
348 0 0 0 0
349 0 0 0 0
350 0 0 0 0
351 0 0 0 0
352 0 0 0 0
353 0 0 0 0
354 0 0 0 0
355 0 0 0 0
356 0 0 0 0
357 0 0 0 0
358 0 0 0 0
359 0 0 0 0
360 0 0 0 0
361 0 0 0 0
362 0 0 0 0
363 0 0 0 0
364 0 0 0 0
365 0 0 0 0
366 0 0 0 0
367 0 0 0 0
368 0 0 0 0
369 0 0 0 0
370 0 0 0 0
371 0 0 0 0
372 0 0 0 0
373 0 0 0 0
374 0 0 0 0
375 0 0 0 0
376 0 0 0 0
377 0 0 0 0
378 0 0 0 0
379 0 0 0 0
380 0 0 0 0
381 0 0 0 0
382 0 0 0 0
383 0 0 0 0
384 0 0 0 0
385 0 0 0 0
386 0 0 0 0
387 0 0 0 0
388 0 0 0 0
389 0 0 0 0
390 0 0 0 0
391 0 0 0 0
392 0 0 0 0
393 0 0 0 0
394 0 0 0 0
395 0 0 0 0
396 0 0 0 0
397 0 0 0 0
398 0 0 0 0
399 0 0 0 0
400 0 0 0 0
401 0 0 0 0
402 0 0 0 0
403 0 0 0 0
404 0 0 0 0
405 0 0 0 0
406 0 0 0 0
407 0 0 0 0
408 0 0 0 0
409 0 0 0 0
410 0 0 0 0
411 0 0 0 0
412 0 0 0 0
413 0 0 0 0
414 0 0 0 0
415 0 0 0 0
416 0 0 0 0
417 0 0 0 0
418 0 0 0 0
419 0 0 0 0
420 0 0 0 0
421 0 0 0 0
422 0 0 0 0
423 0 0 0 0
424 0 0 0 0
425 0 0 0 0
426 0 0 0 0
427 0 0 0 0
428 0 0 0 0
429 0 0 0 0
430 0 0 0 0
431 0 0 0 0
432 0 0 0 0
433 0 0 0 0
434 0 0 0 0
435 0 0 0 0
436 0 0 0 0
437 0 0 0 0
438 0 0 0 0
439 0 0 0 0
440 0 0 0 0
441 0 0 0 0
442 0 0 0 0
443 0 0 0 0
444 0 0 0 0
445 0 0 0 0
446 0 0 0 0
447 0 0 0 0
448 0 0 0 0
449 0 0 0 0
450 0 0 0 0
451 0 0 0 0
452 0 0 0 0
453 0 0 0 0
454 0 0 0 0
455 0 0 0 0
456 0 0 0 0
457 0 0 0 0
458 0 0 0 0
459 0 0 0 0
460 0 0 0 0
461 0 0 0 0
462 0 0 0 0
463 0 0 0 0
464 0 0 0 0
465 0 0 0 0
466 0 0 0 0
467 0 0 0 0
468 0 0 0 0
469 0 0 0 0
470 0 0 0 0
471 0 0 0 0
472 0 0 0 0
473 0 0 0 0
474 0 0 0 0
475 0 0 0 0
476 0 0 0 0
477 0 0 0 0
478 0 0 0 0
479 0 0 0 0
480 0 0 0 0
481 0 0 0 0
482 0 0 0 0
483 0 0 0 0
484 0 0 0 0
485 0 0 0 0
486 0 0 0 0
487 0 0 0 0
488 0 0 0 0
489 0 0 0 0
490 0 0 0 0
491 0 0 0 0
492 0 0 0 0
493 0 0 0 0
494 0 0 0 0
495 0 0 0 0
496 0 0 0 0
497 0 0 0 0
498 0 0 0 0
499 0 0 0 0
500 0 0 0 0
501 0 0 0 0
502 0 0 0 0
503 0 0 0 0
504 0 0 0 0
505 0 0 0 0
506 0 0 0 0
507 0 0 0 0
508 0 0 0 0
509 0 0 0 0
510 0 0 0 0
511 0 0 0 0
512 0 0 0 0
513 0 0 0 0
514 0 0 0 0
515 0 0 0 0
516 0 0 0 0
517 0 0 0 0
518 0 0 0 0
519 0 0 0 0
520 0 0 0 0
521 0 0 0 0
522 0 0 0 0
523 0 0 0 0
524 0 0 0 0
525 0 0 0 0
526 0 0 0 0
527 0 0 0 0
528 0 0 0 0
529 0 0 0 0
530 0 0 0 0
531 0 0 0 0
532 0 0 0 0
533 0 0 0 0
534 0 0 0 0
535 0 0 0 0
536 0 0 0 0
537 0 0 0 0
538 0 0 0 0
539 0 0 0 0
540 0 0 0 0
541 0 0 0 0
542 0 0 0 0
543 0 0 0 0
544 0 0 0 0
545 0 0 0 0
546 0 0 0 0
547 0 0 0 0
548 0 0 0 0
549 0 0 0 0
550 0 0 0 0
551 0 0 0 0
552 0 0 0 0
553 0 0 0 0
554 0 0 0 0
555 0 0 0 0
556 0 0 0 0
557 0 0 0 0
558 0 0 0 0
559 0 0 0 0
560 0 0 0 0
561 0 0 0 0
562 0 0 0 0
563 0 0 0 0
564 0 0 0 0
565 0 0 0 0
566 0 0 0 0
567 0 0 0 0
568 0 0 0 0
569 0 0 0 0
570 0 0 0 0
571 0 0 0 0
572 0 0 0 0
573 0 0 0 0
574 0 0 0 0
575 0 0 0 0
576 0 0 0 0
577 0 0 0 0
578 0 0 0 0
579 0 0 0 0
580 0 0 0 0
581 0 0 0 0
582 0 0 0 0
583 0 0 0 0
584 0 0 0 0
585 0 0 0 0
586 0 0 0 0
587 0 0 0 0
588 0 0 0 0
589 0 0 0 0
590 0 0 0 0
591 0 0 0 0
592 0 0 0 0
593 0 0 0 0
594 0 0 0 0
595 0 0 0 0
596 0 0 0 0
597 0 0 0 0
598 0 0 0 0
599 0 0 0 0
600 0 0 0 0
601 0 0 0 0
602 0 0 0 0
603 0 0 0 0
604 0 1.4013e-45 0 1.4013e-45
605 0 2.8026e-45 0 2.8026e-45
606 0 7.00649e-45 0 7.00649e-45
607 0 1.82169e-44 0 1.82169e-44
608 0 4.62428e-44 0 4.62428e-44
609 0 1.16308e-43 0 1.16308e-43
610 0 2.92871e-43 0 2.92871e-43
611 0 7.30076e-43 0 7.30076e-43
612 0 1.81468e-42 0 1.81468e-42
613 0 4.49396e-42 0 4.49396e-42
614 0 1.10871e-41 0 1.10871e-41
615 0 2.72539e-41 0 2.72539e-41
616 0 6.67354e-41 0 6.67354e-41
617 0 1.6279e-40 0 1.6279e-40
618 0 3.95581e-40 0 3.95581e-40
619 0 9.57575e-40 0 9.57575e-40
620 0 2.30907e-39 0 2.30907e-39
621 0 5.5466e-39 0 5.5466e-39
622 0 1.3272e-38 0 1.3272e-38
623 0 3.16347e-38 0 3.16347e-38
624 0 7.51111e-38 0 7.51111e-38
625 0 1.77646e-37 0 1.77646e-37
626 0 4.18516e-37 0 4.18516e-37
627 0 9.82137e-37 0 9.82137e-37
628 0 2.29579e-36 0 2.29579e-36
629 0 5.34549e-36 0 5.34549e-36
630 0 1.23976e-35 0 1.23976e-35
631 0 2.86401e-35 0 2.86401e-35
632 0 6.59018e-35 0 6.59018e-35
633 0 1.51044e-34 0 1.51044e-34
634 0 3.44816e-34 0 3.44816e-34
635 0 7.84057e-34 0 7.84057e-34
636 0 1.77574e-33 0 1.77574e-33
637 0 4.00573e-33 0 4.00573e-33
638 0 9.00012e-33 0 9.00012e-33
639 0 2.01408e-32 0 2.01408e-32
640 0 4.48917e-32 0 4.48917e-32
641 0 9.96574e-32 0 9.96574e-32
642 0 2.20346e-31 0 2.20346e-31
643 0 4.85234e-31 0 4.85234e-31
644 0 1.06425e-30 0 1.06425e-30
645 0 2.32475e-30 0 2.32475e-30
646 0 5.05766e-30 0 5.05766e-30
647 0 1.09587e-29 0 1.09587e-29
648 0 2.36485e-29 0 2.36485e-29
649 0 5.08249e-29 0 5.08249e-29
650 0 1.08787e-28 0 1.08787e-28
651 0 2.319e-28 0 2.319e-28
652 0 4.92317e-28 0 4.92317e-28
653 0 1.0409e-27 0 1.0409e-27
654 0 2.19172e-27 0 2.19172e-27
655 0 4.59592e-27 0 4.59592e-27
656 0 9.59776e-27 0 9.59776e-27
657 0 1.99605e-26 0 1.99605e-26
658 0 4.13406e-26 0 4.13406e-26
659 0 8.52671e-26 0 8.52671e-26
660 0 1.75139e-25 0 1.75139e-25
661 0 3.58243e-25 0 3.58243e-25
662 0 7.29731e-25 0 7.29731e-25
663 0 1.48025e-24 0 1.48025e-24
664 0 2.99016e-24 0 2.99016e-24
665 0 6.01499e-24 0 6.01499e-24
666 0 1.20491e-23 0 1.20491e-23
667 0 2.40353e-23 0 2.40353e-23
668 0 4.7744e-23 0 4.7744e-23
669 0 9.44407e-23 0 9.44407e-23
670 0 1.86023e-22 0 1.86023e-22
671 0 3.64872e-22 0 3.64872e-22
672 0 7.12649e-22 0 7.12649e-22
673 0 1.38602e-21 0 1.38602e-21
674 0 2.68425e-21 0 2.68425e-21
675 0 5.17642e-21 0 5.17642e-21
676 0 9.94001e-21 0 9.94001e-21
677 0 1.90061e-20 0 1.90061e-20
678 0 3.61865e-20 0 3.61865e-20
679 0 6.8603e-20 0 6.8603e-20
680 0 1.29503e-19 0 1.29503e-19
681 0 2.4342e-19 0 2.4342e-19
682 0 4.55584e-19 0 4.55584e-19
683 0 8.49012e-19 0 8.49012e-19
684 0 1.5754e-18 0 1.5754e-18
685 0 2.91067e-18 0 2.91067e-18
686 0 5.35455e-18 0 5.35455e-18
687 0 9.8079e-18 0 9.8079e-18
688 0 1.78875e-17 0 1.78875e-17
689 0 3.24819e-17 0 3.24819e-17
690 0 5.87285e-17 0 5.87285e-17
691 0 1.05723e-16 0 1.05723e-16
692 0 1.89497e-16 0 1.89497e-16
693 0 3.38176e-16 0 3.38176e-16
694 0 6.00882e-16 0 6.00882e-16
695 0 1.06302e-15 0 1.06302e-15
696 0 1.87237e-15 0 1.87237e-15
697 0 3.28355e-15 0 3.28355e-15
698 0 5.73313e-15 0 5.73313e-15
699 0 9.96633e-15 0 9.96633e-15
700 0 1.72493e-14 0 1.72493e-14
701 0 2.97233e-14 0 2.97233e-14
702 0 5.09929e-14 0 5.09929e-14
703 0 8.70982e-14 0 8.70982e-14
704 0 1.48113e-13 0 1.48113e-13
705 0 2.50759e-13 0 2.50759e-13
706 0 4.22668e-13 0 4.22668e-13
707 0 7.09284e-13 0 7.09284e-13
708 0 1.18499e-12 0 1.18499e-12
709 0 1.97099e-12 0 1.97099e-12
710 0 3.2638e-12 0 3.2638e-12
711 0 5.38061e-12 0 5.38061e-12
712 0 8.83092e-12 0 8.83092e-12
713 0 1.44293e-11 0 1.44293e-11
714 0 2.34719e-11 0 2.34719e-11
715 0 3.80111e-11 0 3.80111e-11
716 0 6.12818e-11 0 6.12818e-11
717 0 9.83579e-11 0 9.83579e-11
718 0 1.5716e-10 0 1.5716e-10
719 0 2.49993e-10 0 2.49993e-10
720 0 3.95881e-10 0 3.95881e-10
721 0 6.24095e-10 0 6.24095e-10
722 0 9.79453e-10 0 9.79453e-10
723 0 1.53025e-09 0 1.53025e-09
724 0 2.38004e-09 0 2.38004e-09
725 0 3.68509e-09 0 3.68509e-09
726 0 5.68005e-09 0 5.68005e-09
727 3.05176e-05 8.71554e-09 0 8.71554e-09
728 3.05176e-05 1.33129e-08 0 1.33129e-08
729 3.05176e-05 2.02435e-08 0 2.02435e-08
730 3.05176e-05 3.06431e-08 0 3.06431e-08
731 3.05176e-05 4.61754e-08 0 4.61754e-08
732 3.05176e-05 6.92656e-08 0 6.92656e-08
733 3.05176e-05 1.03432e-07 0 1.03432e-07
734 6.10054e-05 1.5375e-07 0 1.5375e-07
735 6.10054e-05 2.27511e-07 0 2.27511e-07
736 6.10054e-05 3.35128e-07 0 3.35128e-07
737 9.15229e-05 4.91408e-07 0 4.91408e-07
738 9.15229e-05 7.17288e-07 0 7.17288e-07
739 9.15229e-05 1.04223e-06 0 1.04223e-06
740 0.000122011 1.50747e-06 0 1.50747e-06
741 0.000152528 2.17046e-06 0 2.17046e-06
742 0.000152528 3.11077e-06 0 3.11077e-06
743 0.000183016 4.43809e-06 0 4.43809e-06
744 0.000213504 6.30283e-06 0 6.30283e-06
745 0.000244021 8.91014e-06 0 8.91014e-06
746 0.000274509 1.25384e-05 0 1.25384e-05
747 0.000335515 1.75633e-05 0 1.75633e-05
748 0.000366032 2.44892e-05 0 2.44892e-05
749 0.000427008 3.39898e-05 0 3.39898e-05
750 0.000488013 4.69596e-05 0 4.69596e-05
751 0.000549018 6.45805e-05 0 6.45805e-05
752 0.000610024 8.84054e-05 0 8.84054e-05
753 0.000701517 0.000120463 0 0.000120463
754 0.00079304 0.000163391 0 0.000163391
755 0.000884533 0.000220596 0 0.000220596
756 0.00100654 0.000296458 0 0.000296458
757 0.00112852 0.000396572 0 0.000396572
758 0.00125054 0.000528048 0 0.000528048
759 0.00140303 0.000699868 0 0.000699868
760 0.00158605 0.000923314 0 0.000923314
761 0.00176904 0.00121247 0 0.00121247
762 0.00195205 0.00158483 0 0.00158483
763 0.00216556 0.00206196 0 0.00206196
764 0.00240955 0.00267032 0 0.00267032
765 0.00265357 0.00344216 0 0.00344216
766 0.00295857 0.00441655 0 0.00441655
767 0.00326356 0.0056405 0 0.0056405
768 0.00356859 0.00717025 0 0.00717025
769 0.00393459 0.0090726 0 0.0090726
770 0.00430059 0.0114264 0 0.0114264
771 0.0047276 0.014324 0 0.014324
772 0.00515461 0.0178731 0 0.0178731
773 0.00561211 0.0221978 0 0.0221978
774 0.00613064 0.0274408 0 0.0274408
775 0.00664914 0.0337645 0 0.0337645
776 0.00719815 0.041352 0 0.041352
777 0.00780815 0.0504089 0 0.0504089
778 0.00841817 0.0611633 0 0.0611633
779 0.00908917 0.0738663 0 0.0738663
780 0.00979069 0.0887919 0 0.0887919
781 0.0105227 0.106236 0 0.106236
782 0.0112852 0.126514 0 0.126514
783 0.0120782 0.14996 0 0.14996
784 0.0129018 0.176921 0 0.176921
785 0.0137558 0.207755 0 0.207755
786 0.0146403 0.242823 0 0.242823
787 0.0155553 0.282485 0 0.282485
788 0.0164703 0.32709 0 0.32709
789 0.0174463 0.376968 0 0.376968
790 0.0184224 0.43242 0 0.43242
791 0.0194289 0.493709 0 0.493709
792 0.0204659 0.561048 0 0.561048
793 0.0215029 0.634588 0 0.634588
794 0.0225399 0.714407 0 0.714407
795 0.0235769 0.800502 0 0.800502
796 0.0246445 0.892771 0 0.892771
797 0.0256815 0.991012 0 0.991012
798 0.0267185 1.09491 0 1.09491
799 0.0277555 1.20403 0 1.20403
800 0.0287925 1.31783 0 1.31783
801 0.0297991 1.43561 0 1.43561
802 0.0307751 1.55659 0 1.55659
803 0.0317206 1.67986 0 1.67986
804 0.0326356 1.80438 0 1.80438
805 0.0335201 1.92904 0 1.92904
806 0.0343741 2.05265 0 2.05265
807 0.0351672 2.17392 0 2.17392
808 0.0358992 2.29155 0 2.29155
809 0.0366007 2.40422 0 2.40422
810 0.0372412 2.51059 1.4013e-45 2.51059
811 0.0378207 2.60936 2.8026e-45 2.60936
812 0.0383392 2.69928 7.00649e-45 2.69928
813 0.0387967 2.7792 1.82169e-44 2.7792
814 0.0391627 2.84805 4.62428e-44 2.84805
815 0.0394982 2.9049 1.17709e-43 2.9049
816 0.0397117 2.94898 2.9147e-43 2.94898
817 0.0398948 2.97967 7.25873e-43 2.97967
818 0.0399863 2.99654 1.79506e-42 2.99654
819 0.0399863 2.99936 4.4253e-42 2.99936
820 0.0399252 2.98809 1.08699e-41 2.98809
821 0.0398032 2.96289 2.65966e-41 2.96289
822 0.0395897 2.9241 6.48283e-41 2.9241
823 0.0393152 2.87227 1.57411e-40 2.87227
824 0.0389492 2.80812 3.80748e-40 2.80812
825 0.0385222 2.73251 9.1742e-40 2.73251
826 0.0380342 2.64646 2.20202e-39 2.64646
827 0.0374852 2.55108 5.26496e-39 2.55108
828 0.0368752 2.4476 1.25396e-38 2.4476
829 0.0362042 2.33729 2.97501e-38 2.33729
830 0.0354722 2.22148 7.03073e-38 2.22148
831 0.0346791 2.10151 1.65508e-37 2.10151
832 0.0338556 1.97868 3.88096e-37 1.97868
833 0.0330016 1.8543 9.0648e-37 1.8543
834 0.0320866 1.72958 2.10898e-36 1.72958
835 0.0311411 1.60568 4.88742e-36 1.60568
836 0.0301956 1.48367 1.12817e-35 1.48367
837 0.0291891 1.3645 2.59391e-35 1.3645
838 0.0281825 1.24902 5.94041e-35 1.24902
839 0.0271455 1.13796 1.35505e-34 1.13796
840 0.0261085 1.03191 3.07873e-34 1.03191
841 0.025041 0.931366 6.96719e-34 0.931366
842 0.024004 0.836677 1.57041e-33 0.836677
843 0.0229364 0.748096 3.52559e-33 0.748096
844 0.0218994 0.66576 7.8834e-33 0.66576
845 0.0208624 0.589713 1.75571e-32 0.589713
846 0.0198559 0.519908 3.89446e-32 0.519908
847 0.0188189 0.456222 8.60387e-32 0.456222
848 0.0178428 0.398464 1.89316e-31 0.398464
849 0.0168668 0.346391 4.14886e-31 0.346391
850 0.0159213 0.299715 9.05546e-31 0.299715
851 0.0150063 0.258117 1.96848e-30 0.258117
852 0.0140913 0.221254 4.26176e-30 0.221254
853 0.0132373 0.188769 9.18921e-30 0.188769
854 0.0123833 0.160302 1.97332e-29 0.160302
855 0.0115902 0.135493 4.22029e-29 0.135493
856 0.0108277 0.113989 8.98898e-29 0.113989
857 0.0100652 0.09545 1.90677e-28 0.09545
858 0.00936368 0.0795538 4.02814e-28 0.0795538
859 0.00869268 0.0659959 8.47469e-28 0.0659959
860 0.00805217 0.0544934 1.77564e-27 0.0544934
861 0.00744215 0.0447862 3.70504e-27 0.0447862
862 0.00686264 0.0366368 7.69903e-27 0.0366368
863 0.00631362 0.0298308 1.59324e-26 0.0298308
864 0.00582561 0.0241762 3.28341e-26 0.0241762
865 0.00533763 0.0195023 6.73853e-26 0.0195023
866 0.0048801 0.0156589 1.3772e-25 0.0156589
867 0.00448358 0.0125145 2.80299e-25 0.0125145
868 0.00408709 0.00995508 5.68109e-25 0.00995508
869 0.00372109 0.00788235 1.14664e-24 0.00788235
870 0.00338557 0.00621222 2.30464e-24 0.00621222
871 0.00305006 0.00487325 4.61273e-24 0.00487325
872 0.00277555 0.00380517 9.19367e-24 0.00380517
873 0.00250107 0.00295741 1.8247e-23 0.00295741
874 0.00225705 0.00228789 3.60634e-23 0.00228789
875 0.00204355 0.00176174 7.09753e-23 0.00176174
876 0.00183004 0.00135032 1.39096e-22 0.00135032
877 0.00164706 0.0010302 2.71444e-22 0.0010302
878 0.00146404 0.000782332 5.27482e-22 0.000782332
879 0.00131154 0.00059136 1.02068e-21 0.00059136
880 0.00118953 0.000444942 1.96665e-21 0.000444942
881 0.00103703 0.000333233 3.77325e-21 0.000333233
882 0.000945538 0.000248419 7.20861e-21 0.000248419
883 0.000823528 0.000184339 1.3713e-20 0.000184339
884 0.000732034 0.000136158 2.59752e-20 0.000136158
885 0.000640512 0.000100108 4.89919e-20 0.000100108
886 0.000579536 7.32643e-05 9.20083e-20 7.32643e-05
887 0.000518531 5.33722e-05 1.72054e-19 5.33722e-05
888 0.000457525 3.87024e-05 3.20359e-19 3.87024e-05
889 0.00039652 2.7936e-05 5.93935e-19 2.7936e-05
890 0.000335515 2.00721e-05 1.0964e-18 2.00721e-05
891 0.000305027 1.43558e-05 2.01522e-18 1.43558e-05
892 0.000274509 1.02204e-05 3.68808e-18 1.02204e-05
893 0.000213504 7.24293e-06 6.72043e-18 7.24293e-06
894 0.000183016 5.10941e-06 1.2193e-17 5.10941e-06
895 0.000183016 3.58788e-06 2.20264e-17 3.58788e-06
896 0.000152528 2.50794e-06 3.96174e-17 2.50794e-06
897 0.000122011 1.74505e-06 7.0948e-17 1.74505e-06
898 0.000122011 1.20869e-06 1.26503e-16 1.20869e-06
899 9.15229e-05 8.33373e-07 2.24579e-16 8.33373e-07
900 9.15229e-05 5.7198e-07 3.96955e-16 5.7198e-07
901 6.10054e-05 3.90788e-07 6.98575e-16 3.90788e-07
902 6.10054e-05 2.6578e-07 1.22401e-15 2.6578e-07
903 6.10054e-05 1.7994e-07 2.13527e-15 1.7994e-07
904 3.05176e-05 1.2127e-07 3.70863e-15 1.2127e-07
905 3.05176e-05 8.13596e-08 6.41309e-15 8.13596e-08
906 3.05176e-05 5.43363e-08 1.10411e-14 5.43363e-08
907 3.05176e-05 3.61244e-08 1.89253e-14 3.61244e-08
908 3.05176e-05 2.39079e-08 3.22967e-14 2.39079e-08
909 3.05176e-05 1.57513e-08 5.48728e-14 1.57512e-08
910 3.05176e-05 1.03306e-08 9.28191e-14 1.03305e-08
911 0 6.74489e-09 1.56314e-13 6.74473e-09
912 0 4.38401e-09 2.62079e-13 4.38374e-09
913 0 2.83682e-09 4.37464e-13 2.83638e-09
914 0 1.82767e-09 7.26985e-13 1.82695e-09
915 0 1.17267e-09 1.20276e-12 1.17147e-09
916 0 7.49769e-10 1.98107e-12 7.47787e-10
917 0 4.78445e-10 3.24854e-12 4.75196e-10
918 0 3.05922e-10 5.30322e-12 3.00619e-10
919 0 1.97945e-10 8.61894e-12 1.89326e-10
920 0 1.32647e-10 1.39453e-11 1.18701e-10
921 0 9.6552e-11 2.24627e-11 7.40893e-11
922 0 8.2058e-11 3.60205e-11 4.60375e-11
923 0 8.59825e-11 5.75034e-11 2.8479e-11
924 0 1.08927e-10 9.13882e-11 1.75388e-11
925 0 1.55343e-10 1.44589e-10 1.07531e-11
926 0 2.343e-10 2.27736e-10 6.56347e-12
927 0 3.61076e-10 3.57087e-10 3.9884e-12
928 0 5.59806e-10 5.57394e-10 2.41286e-12
929 0 8.67602e-10 8.66149e-10 1.45323e-12
930 0 1.34075e-09 1.33988e-09 8.71384e-13
931 0 2.06389e-09 2.06337e-09 5.20186e-13
932 0 3.1635e-09 3.16319e-09 3.09161e-13
933 0 4.82756e-09 4.82738e-09 1.82931e-13
934 0 7.33395e-09 7.33384e-09 1.07764e-13
935 0 1.10914e-08 1.10914e-08 6.32033e-14
936 0 1.66982e-08 1.66981e-08 3.69055e-14
937 0 2.50254e-08 2.50254e-08 2.14551e-14
938 0 3.73355e-08 3.73355e-08 1.24182e-14
939 0 5.54484e-08 5.54484e-08 7.15613e-15
940 0 8.19748e-08 8.19748e-08 4.10574e-15
941 0 1.20641e-07 1.20641e-07 2.34531e-15
942 0 1.76738e-07 1.76738e-07 1.33386e-15
943 0 2.57742e-07 2.57742e-07 7.55296e-16
944 0 3.74161e-07 3.74161e-07 4.25822e-16
945 0 5.40689e-07 5.40689e-07 2.39026e-16
946 0 7.77773e-07 7.77773e-07 1.33589e-16
947 0 1.11371e-06 1.11371e-06 7.43368e-17
948 0 1.58746e-06 1.58746e-06 4.11861e-17
949 0 2.25239e-06 2.25239e-06 2.27202e-17
950 0 3.18122e-06 3.18122e-06 1.24793e-17
951 0 4.47252e-06 4.47252e-06 6.8248e-18
952 0 6.25919e-06 6.25919e-06 3.7163e-18
953 0 8.71943e-06 8.71943e-06 2.01491e-18
954 0 1.2091e-05 1.2091e-05 1.08775e-18
955 3.05176e-05 1.66893e-05 1.66893e-05 5.84697e-19
956 3.05176e-05 2.29306e-05 2.29306e-05 3.12943e-19
957 3.05176e-05 3.13612e-05 3.13612e-05 1.66776e-19
958 3.05176e-05 4.26942e-05 4.26942e-05 8.84997e-20
959 6.10054e-05 5.78551e-05 5.78551e-05 4.67615e-20
960 9.15229e-05 7.80388e-05 7.80388e-05 2.46024e-20
961 9.15229e-05 0.000104779 0.000104779 1.28888e-20
962 0.000152528 0.000140033 0.000140033 6.72348e-21
963 0.000183016 0.000186287 0.000186287 3.49242e-21
964 0.000244021 0.000246674 0.000246674 1.8064e-21
965 0.000335515 0.000325127 0.000325127 9.30368e-22
966 0.000427008 0.000426554 0.000426554 4.7715e-22
967 0.000549018 0.000557034 0.000557034 2.43678e-22
968 0.000732034 0.000724063 0.000724063 1.2392e-22
969 0.000945538 0.000936821 0.000936821 6.27531e-23
970 0.00122005 0.00120648 0.00120648 3.16444e-23
971 0.00155553 0.00154657 0.00154657 1.58903e-23
972 0.00198254 0.00197334 0.00197334 7.94587e-24
973 0.00250107 0.00250619 0.00250619 3.95666e-24
974 0.00317207 0.00316816 0.00316816 1.96199e-24
975 0.0039956 0.0039864 0.0039864 9.68835e-25
976 0.00500211 0.00499266 0.00499266 4.76419e-25
977 0.00622213 0.00622389 0.00622389 2.33302e-25
978 0.00771666 0.00772268 0.00772268 1.13773e-25
979 0.0095467 0.00953785 0.00953785 5.52529e-26
980 0.0117122 0.0117249 0.0117249 2.67221e-26
981 0.0143353 0.0143463 0.0143463 1.28702e-26
982 0.0174768 0.0174721 0.0174721 6.17315e-27
983 0.0211674 0.0211799 0.0211799 2.94873e-27
984 0.0255595 0.0255548 0.0255548 1.40272e-27
985 0.0306836 0.0306898 0.0306898 6.64544e-28
986 0.0366922 0.0366847 0.0366847 3.13539e-28
987 0.0436463 0.0436462 0.0436462 1.47326e-28
988 0.0516985 0.0516864 0.0516864 6.89428e-29
989 0.0609096 0.0609221 0.0609221 3.2131e-29
990 0.0714628 0.0714727 0.0714727 1.49138e-29
991 0.0834495 0.083459 0.083459 6.89423e-30
992 0.0969918 0.097 0.097 3.17408e-30
993 0.112212 0.112211 0.112211 1.45542e-30
994 0.1292 0.129201 0.129201 6.64658e-31
995 0.14808 0.148068 0.148068 3.02311e-31
996 0.168882 0.168896 0.168896 1.36949e-31
997 0.191757 0.191752 0.191752 6.17892e-32
998 0.216676 0.216683 0.216683 2.77666e-32
999 0.243699 0.243709 0.243709 1.24276e-32
1000 0.272828 0.272822 0.272822 5.54009e-33
1001 0.303969 0.303983 0.303983 2.45985e-33
1002 0.337123 0.337117 0.337117 1.08785e-33
1003 0.372107 0.372111 0.372111 4.7918e-34
1004 0.408799 0.408813 0.408813 2.10234e-34
1005 0.447016 0.447029 0.447029 9.18726e-35
1006 0.486514 0.486527 0.486527 3.99898e-35
1007 0.526989 0.527032 0.527032 1.73379e-35
1008 0.568195 0.568232 0.568232 7.48742e-36
1009 0.609737 0.60978 0.60978 3.22076e-36
1010 0.651278 0.651296 0.651296 1.38e-36
1011 0.692332 0.692376 0.692376 5.88979e-37
1012 0.732563 0.732593 0.732593 2.50392e-37
1013 0.771481 0.771509 0.771509 1.06035e-37
1014 0.808661 0.80868 0.80868 4.47283e-38
1015 0.843646 0.843663 0.843663 1.87944e-38
1016 0.876007 0.876029 0.876029 7.86669e-39
1017 0.905348 0.905367 0.905367 3.28e-39
1018 0.931274 0.931295 0.931295 1.36232e-39
1019 0.953448 0.953468 0.953468 5.63651e-40
1020 0.971565 0.971586 0.971586 2.32313e-40
1021 0.985382 0.985401 0.985401 9.53822e-41
1022 0.994684 0.99472 0.99472 3.90121e-41
1023 0.999381 0.999412 0.999412 1.58949e-41
1024 0.999381 0.999412 0.999412 6.45158e-42
1025 0.994684 0.99472 0.99472 2.60922e-42
1026 0.985382 0.985401 0.985401 1.05097e-42
1027 0.971565 0.971586 0.971586 4.21791e-43
1028 0.953448 0.953468 0.953468 1.68156e-43
1029 0.931274 0.931295 0.931295 6.72623e-44
1030 0.905348 0.905367 0.905367 2.66247e-44
1031 0.876007 0.876029 0.876029 1.12104e-44
1032 0.843646 0.843663 0.843663 4.2039e-45
1033 0.808661 0.80868 0.80868 1.4013e-45
1034 0.771481 0.771509 0.771509 0
1035 0.732563 0.732593 0.732593 0
1036 0.692332 0.692376 0.692376 0
1037 0.651278 0.651296 0.651296 0
1038 0.609737 0.60978 0.60978 0
1039 0.568195 0.568232 0.568232 0
1040 0.526989 0.527032 0.527032 0
1041 0.486514 0.486527 0.486527 0
1042 0.447016 0.447029 0.447029 0
1043 0.408799 0.408813 0.408813 0
1044 0.372107 0.372111 0.372111 0
1045 0.337123 0.337117 0.337117 0
1046 0.303969 0.303983 0.303983 0
1047 0.272828 0.272822 0.272822 0
1048 0.243699 0.243709 0.243709 0
1049 0.216676 0.216683 0.216683 0
1050 0.191757 0.191752 0.191752 0
1051 0.168882 0.168896 0.168896 0
1052 0.14808 0.148068 0.148068 0
1053 0.1292 0.129201 0.129201 0
1054 0.112212 0.112211 0.112211 0
1055 0.0969918 0.097 0.097 0
1056 0.0834495 0.083459 0.083459 0
1057 0.0714628 0.0714727 0.0714727 0
1058 0.0609096 0.0609221 0.0609221 0
1059 0.0516985 0.0516864 0.0516864 0
1060 0.0436463 0.0436462 0.0436462 0
1061 0.0366922 0.0366847 0.0366847 0
1062 0.0306836 0.0306898 0.0306898 0
1063 0.0255595 0.0255548 0.0255548 0
1064 0.0211674 0.0211799 0.0211799 0
1065 0.0174768 0.0174721 0.0174721 0
1066 0.0143353 0.0143463 0.0143463 0
1067 0.0117122 0.0117249 0.0117249 0
1068 0.0095467 0.00953785 0.00953785 0
1069 0.00771666 0.00772268 0.00772268 0
1070 0.00622213 0.00622389 0.00622389 0
1071 0.00500211 0.00499266 0.00499266 0
1072 0.0039956 0.0039864 0.0039864 0
1073 0.00317207 0.00316816 0.00316816 0
1074 0.00250107 0.00250619 0.00250619 0
1075 0.00198254 0.00197334 0.00197334 0
1076 0.00155553 0.00154657 0.00154657 0
1077 0.00122005 0.00120648 0.00120648 0
1078 0.000945538 0.000936821 0.000936821 0
1079 0.000732034 0.000724063 0.000724063 0
1080 0.000549018 0.000557034 0.000557034 0
1081 0.000427008 0.000426554 0.000426554 0
1082 0.000335515 0.000325127 0.000325127 0
1083 0.000244021 0.000246674 0.000246674 0
1084 0.000183016 0.000186287 0.000186287 0
1085 0.000152528 0.000140033 0.000140033 0
1086 9.15229e-05 0.000104779 0.000104779 0
1087 9.15229e-05 7.80388e-05 7.80388e-05 0
1088 6.10054e-05 5.78551e-05 5.78551e-05 0
1089 3.05176e-05 4.26942e-05 4.26942e-05 0
1090 3.05176e-05 3.13612e-05 3.13612e-05 0
1091 3.05176e-05 2.29306e-05 2.29306e-05 0
1092 3.05176e-05 1.66893e-05 1.66893e-05 0
1093 0 1.2091e-05 1.2091e-05 0
1094 0 8.71943e-06 8.71943e-06 0
1095 0 6.25919e-06 6.25919e-06 0
1096 0 4.47252e-06 4.47252e-06 0
1097 0 3.18122e-06 3.18122e-06 0
1098 0 2.25239e-06 2.25239e-06 0
1099 0 1.58746e-06 1.58746e-06 0
1100 0 1.11371e-06 1.11371e-06 0
1101 0 7.77773e-07 7.77773e-07 0
1102 0 5.40689e-07 5.40689e-07 0
1103 0 3.74161e-07 3.74161e-07 0
1104 0 2.57742e-07 2.57742e-07 0
1105 0 1.76738e-07 1.76738e-07 0
1106 0 1.20641e-07 1.20641e-07 0
1107 0 8.19748e-08 8.19748e-08 0
1108 0 5.54484e-08 5.54484e-08 0
1109 0 3.73355e-08 3.73355e-08 0
1110 0 2.50254e-08 2.50254e-08 0
1111 0 1.66981e-08 1.66981e-08 0
1112 0 1.10914e-08 1.10914e-08 0
1113 0 7.33384e-09 7.33384e-09 0
1114 0 4.82738e-09 4.82738e-09 0
1115 0 3.16319e-09 3.16319e-09 0
1116 0 2.06337e-09 2.06337e-09 0
1117 0 1.33988e-09 1.33988e-09 0
1118 0 8.66149e-10 8.66149e-10 0
1119 0 5.57394e-10 5.57394e-10 0
1120 0 3.57087e-10 3.57087e-10 0
1121 0 2.27736e-10 2.27736e-10 0
1122 0 1.44589e-10 1.44589e-10 0
1123 0 9.13882e-11 9.13882e-11 0
1124 0 5.75034e-11 5.75034e-11 0
1125 0 3.60205e-11 3.60205e-11 0
1126 0 2.24627e-11 2.24627e-11 0
1127 0 1.39453e-11 1.39453e-11 0
1128 0 8.61894e-12 8.61894e-12 0
1129 0 5.30322e-12 5.30322e-12 0
1130 0 3.24854e-12 3.24854e-12 0
1131 0 1.98107e-12 1.98107e-12 0
1132 0 1.20276e-12 1.20276e-12 0
1133 0 7.26985e-13 7.26985e-13 0
1134 0 4.37464e-13 4.37464e-13 0
1135 0 2.62079e-13 2.62079e-13 0
1136 0 1.56314e-13 1.56314e-13 0
1137 0 9.28191e-14 9.28191e-14 0
1138 0 5.48728e-14 5.48728e-14 0
1139 0 3.22967e-14 3.22967e-14 0
1140 0 1.89253e-14 1.89253e-14 0
1141 0 1.10411e-14 1.10411e-14 0
1142 0 6.41309e-15 6.41309e-15 0
1143 0 3.70863e-15 3.70863e-15 0
1144 0 2.13527e-15 2.13527e-15 0
1145 0 1.22401e-15 1.22401e-15 0
1146 0 6.98575e-16 6.98575e-16 0
1147 0 3.96955e-16 3.96955e-16 0
1148 0 2.24579e-16 2.24579e-16 0
1149 0 1.26503e-16 1.26503e-16 0
1150 0 7.0948e-17 7.0948e-17 0
1151 0 3.96174e-17 3.96174e-17 0
1152 0 2.20264e-17 2.20264e-17 0
1153 0 1.2193e-17 1.2193e-17 0
1154 0 6.72043e-18 6.72043e-18 0
1155 0 3.68808e-18 3.68808e-18 0
1156 0 2.01522e-18 2.01522e-18 0
1157 0 1.0964e-18 1.0964e-18 0
1158 0 5.93935e-19 5.93935e-19 0
1159 0 3.20359e-19 3.20359e-19 0
1160 0 1.72054e-19 1.72054e-19 0
1161 0 9.20083e-20 9.20083e-20 0
1162 0 4.89919e-20 4.89919e-20 0
1163 0 2.59752e-20 2.59752e-20 0
1164 0 1.3713e-20 1.3713e-20 0
1165 0 7.20861e-21 7.20861e-21 0
1166 0 3.77325e-21 3.77325e-21 0
1167 0 1.96665e-21 1.96665e-21 0
1168 0 1.02068e-21 1.02068e-21 0
1169 0 5.27482e-22 5.27482e-22 0
1170 0 2.71444e-22 2.71444e-22 0
1171 0 1.39096e-22 1.39096e-22 0
1172 0 7.09753e-23 7.09753e-23 0
1173 0 3.60634e-23 3.60634e-23 0
1174 0 1.8247e-23 1.8247e-23 0
1175 0 9.19367e-24 9.19367e-24 0
1176 0 4.61273e-24 4.61273e-24 0
1177 0 2.30464e-24 2.30464e-24 0
1178 0 1.14664e-24 1.14664e-24 0
1179 0 5.68109e-25 5.68109e-25 0
1180 0 2.80299e-25 2.80299e-25 0
1181 0 1.3772e-25 1.3772e-25 0
1182 0 6.73853e-26 6.73853e-26 0
1183 0 3.28341e-26 3.28341e-26 0
1184 0 1.59324e-26 1.59324e-26 0
1185 0 7.69903e-27 7.69903e-27 0
1186 0 3.70504e-27 3.70504e-27 0
1187 0 1.77564e-27 1.77564e-27 0
1188 0 8.47469e-28 8.47469e-28 0
1189 0 4.02814e-28 4.02814e-28 0
1190 0 1.90677e-28 1.90677e-28 0
1191 0 8.98898e-29 8.98898e-29 0
1192 0 4.22029e-29 4.22029e-29 0
1193 0 1.97332e-29 1.97332e-29 0
1194 0 9.18921e-30 9.18921e-30 0
1195 0 4.26176e-30 4.26176e-30 0
1196 0 1.96848e-30 1.96848e-30 0
1197 0 9.05546e-31 9.05546e-31 0
1198 0 4.14886e-31 4.14886e-31 0
1199 0 1.89316e-31 1.89316e-31 0
1200 0 8.60387e-32 8.60387e-32 0
1201 0 3.89446e-32 3.89446e-32 0
1202 0 1.75571e-32 1.75571e-32 0
1203 0 7.8834e-33 7.8834e-33 0
1204 0 3.52559e-33 3.52559e-33 0
1205 0 1.57041e-33 1.57041e-33 0
1206 0 6.96719e-34 6.96719e-34 0
1207 0 3.07873e-34 3.07873e-34 0
1208 0 1.35505e-34 1.35505e-34 0
1209 0 5.94041e-35 5.94041e-35 0
1210 0 2.59391e-35 2.59391e-35 0
1211 0 1.12817e-35 1.12817e-35 0
1212 0 4.88742e-36 4.88742e-36 0
1213 0 2.10898e-36 2.10898e-36 0
1214 0 9.0648e-37 9.0648e-37 0
1215 0 3.88096e-37 3.88096e-37 0
1216 0 1.65508e-37 1.65508e-37 0
1217 0 7.03073e-38 7.03073e-38 0
1218 0 2.97501e-38 2.97501e-38 0
1219 0 1.25396e-38 1.25396e-38 0
1220 0 5.26496e-39 5.26496e-39 0
1221 0 2.20202e-39 2.20202e-39 0
1222 0 9.1742e-40 9.1742e-40 0
1223 0 3.80748e-40 3.80748e-40 0
1224 0 1.57411e-40 1.57411e-40 0
1225 0 6.48283e-41 6.48283e-41 0
1226 0 2.65966e-41 2.65966e-41 0
1227 0 1.08699e-41 1.08699e-41 0
1228 0 4.4253e-42 4.4253e-42 0
1229 0 1.79506e-42 1.79506e-42 0
1230 0 7.25873e-43 7.25873e-43 0
1231 0 2.9147e-43 2.9147e-43 0
1232 0 1.17709e-43 1.17709e-43 0
1233 0 4.62428e-44 4.62428e-44 0
1234 0 1.82169e-44 1.82169e-44 0
1235 0 7.00649e-45 7.00649e-45 0
1236 0 2.8026e-45 2.8026e-45 0
1237 0 1.4013e-45 1.4013e-45 0
1238 0 0 0 0
1239 0 0 0 0
1240 0 0 0 0
1241 0 0 0 0
1242 0 0 0 0
1243 0 0 0 0
1244 0 0 0 0
1245 0 0 0 0
1246 0 0 0 0
1247 0 0 0 0
1248 0 0 0 0
1249 0 0 0 0
1250 0 0 0 0
1251 0 0 0 0
1252 0 0 0 0
1253 0 0 0 0
1254 0 0 0 0
1255 0 0 0 0
1256 0 0 0 0
1257 0 0 0 0
1258 0 0 0 0
1259 0 0 0 0
1260 0 0 0 0
1261 0 0 0 0
1262 0 0 0 0
1263 0 0 0 0
1264 0 0 0 0
1265 0 0 0 0
1266 0 0 0 0
1267 0 0 0 0
1268 0 0 0 0
1269 0 0 0 0
1270 0 0 0 0
1271 0 0 0 0
1272 0 0 0 0
1273 0 0 0 0
1274 0 0 0 0
1275 0 0 0 0
1276 0 0 0 0
1277 0 0 0 0
1278 0 0 0 0
1279 0 0 0 0
1280 0 0 0 0
1281 0 0 0 0
1282 0 0 0 0
1283 0 0 0 0
1284 0 0 0 0
1285 0 0 0 0
1286 0 0 0 0
1287 0 0 0 0
1288 0 0 0 0
1289 0 0 0 0
1290 0 0 0 0
1291 0 0 0 0
1292 0 0 0 0
1293 0 0 0 0
1294 0 0 0 0
1295 0 0 0 0
1296 0 0 0 0
1297 0 0 0 0
1298 0 0 0 0
1299 0 0 0 0
1300 0 0 0 0
1301 0 0 0 0
1302 0 0 0 0
1303 0 0 0 0
1304 0 0 0 0
1305 0 0 0 0
1306 0 0 0 0
1307 0 0 0 0
1308 0 0 0 0
1309 0 0 0 0
1310 0 0 0 0
1311 0 0 0 0
1312 0 0 0 0
1313 0 0 0 0
1314 0 0 0 0
1315 0 0 0 0
1316 0 0 0 0
1317 0 0 0 0
1318 0 0 0 0
1319 0 0 0 0
1320 0 0 0 0
1321 0 0 0 0
1322 0 0 0 0
1323 0 0 0 0
1324 0 0 0 0
1325 0 0 0 0
1326 0 0 0 0
1327 0 0 0 0
1328 0 0 0 0
1329 0 0 0 0
1330 0 0 0 0
1331 0 0 0 0
1332 0 0 0 0
1333 0 0 0 0
1334 0 0 0 0
1335 0 0 0 0
1336 0 0 0 0
1337 0 0 0 0
1338 0 0 0 0
1339 0 0 0 0
1340 0 0 0 0
1341 0 0 0 0
1342 0 0 0 0
1343 0 0 0 0
1344 0 0 0 0
1345 0 0 0 0
1346 0 0 0 0
1347 0 0 0 0
1348 0 0 0 0
1349 0 0 0 0
1350 0 0 0 0
1351 0 0 0 0
1352 0 0 0 0
1353 0 0 0 0
1354 0 0 0 0
1355 0 0 0 0
1356 0 0 0 0
1357 0 0 0 0
1358 0 0 0 0
1359 0 0 0 0
1360 0 0 0 0
1361 0 0 0 0
1362 0 0 0 0
1363 0 0 0 0
1364 0 0 0 0
1365 0 0 0 0
1366 0 0 0 0
1367 0 0 0 0
1368 0 0 0 0
1369 0 0 0 0
1370 0 0 0 0
1371 0 0 0 0
1372 0 0 0 0
1373 0 0 0 0
1374 0 0 0 0
1375 0 0 0 0
1376 0 0 0 0
1377 0 0 0 0
1378 0 0 0 0
1379 0 0 0 0
1380 0 0 0 0
1381 0 0 0 0
1382 0 0 0 0
1383 0 0 0 0
1384 0 0 0 0
1385 0 0 0 0
1386 0 0 0 0
1387 0 0 0 0
1388 0 0 0 0
1389 0 0 0 0
1390 0 0 0 0
1391 0 0 0 0
1392 0 0 0 0
1393 0 0 0 0
1394 0 0 0 0
1395 0 0 0 0
1396 0 0 0 0
1397 0 0 0 0
1398 0 0 0 0
1399 0 0 0 0
1400 0 0 0 0
1401 0 0 0 0
1402 0 0 0 0
1403 0 0 0 0
1404 0 0 0 0
1405 0 0 0 0
1406 0 0 0 0
1407 0 0 0 0
1408 0 0 0 0
1409 0 0 0 0
1410 0 0 0 0
1411 0 0 0 0
1412 0 0 0 0
1413 0 0 0 0
1414 0 0 0 0
1415 0 0 0 0
1416 0 0 0 0
1417 0 0 0 0
1418 0 0 0 0
1419 0 0 0 0
1420 0 0 0 0
1421 0 0 0 0
1422 0 0 0 0
1423 0 0 0 0
1424 0 0 0 0
1425 0 0 0 0
1426 0 0 0 0
1427 0 0 0 0
1428 0 0 0 0
1429 0 0 0 0
1430 0 0 0 0
1431 0 0 0 0
1432 0 0 0 0
1433 0 0 0 0
1434 0 0 0 0
1435 0 0 0 0
1436 0 0 0 0
1437 0 0 0 0
1438 0 0 0 0
1439 0 0 0 0
1440 0 0 0 0
1441 0 0 0 0
1442 0 0 0 0
1443 0 0 0 0
1444 0 0 0 0
1445 0 0 0 0
1446 0 0 0 0
1447 0 0 0 0
1448 0 0 0 0
1449 0 0 0 0
1450 0 0 0 0
1451 0 0 0 0
1452 0 0 0 0
1453 0 0 0 0
1454 0 0 0 0
1455 0 0 0 0
1456 0 0 0 0
1457 0 0 0 0
1458 0 0 0 0
1459 0 0 0 0
1460 0 0 0 0
1461 0 0 0 0
1462 0 0 0 0
1463 0 0 0 0
1464 0 0 0 0
1465 0 0 0 0
1466 0 0 0 0
1467 0 0 0 0
1468 0 0 0 0
1469 0 0 0 0
1470 0 0 0 0
1471 0 0 0 0
1472 0 0 0 0
1473 0 0 0 0
1474 0 0 0 0
1475 0 0 0 0
1476 0 0 0 0
1477 0 0 0 0
1478 0 0 0 0
1479 0 0 0 0
1480 0 0 0 0
1481 0 0 0 0
1482 0 0 0 0
1483 0 0 0 0
1484 0 0 0 0
1485 0 0 0 0
1486 0 0 0 0
1487 0 0 0 0
1488 0 0 0 0
1489 0 0 0 0
1490 0 0 0 0
1491 0 0 0 0
1492 0 0 0 0
1493 0 0 0 0
1494 0 0 0 0
1495 0 0 0 0
1496 0 0 0 0
1497 0 0 0 0
1498 0 0 0 0
1499 0 0 0 0
1500 0 0 0 0
1501 0 0 0 0
1502 0 0 0 0
1503 0 0 0 0
1504 0 0 0 0
1505 0 0 0 0
1506 0 0 0 0
1507 0 0 0 0
1508 0 0 0 0
1509 0 0 0 0
1510 0 0 0 0
1511 0 0 0 0
1512 0 0 0 0
1513 0 0 0 0
1514 0 0 0 0
1515 0 0 0 0
1516 0 0 0 0
1517 0 0 0 0
1518 0 0 0 0
1519 0 0 0 0
1520 0 0 0 0
1521 0 0 0 0
1522 0 0 0 0
1523 0 0 0 0
1524 0 0 0 0
1525 0 0 0 0
1526 0 0 0 0
1527 0 0 0 0
1528 0 0 0 0
1529 0 0 0 0
1530 0 0 0 0
1531 0 0 0 0
1532 0 0 0 0
1533 0 0 0 0
1534 0 0 0 0
1535 0 0 0 0
1536 0 0 0 0
1537 0 0 0 0
1538 0 0 0 0
1539 0 0 0 0
1540 0 0 0 0
1541 0 0 0 0
1542 0 0 0 0
1543 0 0 0 0
1544 0 0 0 0
1545 0 0 0 0
1546 0 0 0 0
1547 0 0 0 0
1548 0 0 0 0
1549 0 0 0 0
1550 0 0 0 0
1551 0 0 0 0
1552 0 0 0 0
1553 0 0 0 0
1554 0 0 0 0
1555 0 0 0 0
1556 0 0 0 0
1557 0 0 0 0
1558 0 0 0 0
1559 0 0 0 0
1560 0 0 0 0
1561 0 0 0 0
1562 0 0 0 0
1563 0 0 0 0
1564 0 0 0 0
1565 0 0 0 0
1566 0 0 0 0
1567 0 0 0 0
1568 0 0 0 0
1569 0 0 0 0
1570 0 0 0 0
1571 0 0 0 0
1572 0 0 0 0
1573 0 0 0 0
1574 0 0 0 0
1575 0 0 0 0
1576 0 0 0 0
1577 0 0 0 0
1578 0 0 0 0
1579 0 0 0 0
1580 0 0 0 0
1581 0 0 0 0
1582 0 0 0 0
1583 0 0 0 0
1584 0 0 0 0
1585 0 0 0 0
1586 0 0 0 0
1587 0 0 0 0
1588 0 0 0 0
1589 0 0 0 0
1590 0 0 0 0
1591 0 0 0 0
1592 0 0 0 0
1593 0 0 0 0
1594 0 0 0 0
1595 0 0 0 0
1596 0 0 0 0
1597 0 0 0 0
1598 0 0 0 0
1599 0 0 0 0
1600 0 0 0 0
1601 0 0 0 0
1602 0 0 0 0
1603 0 0 0 0
1604 0 0 0 0
1605 0 0 0 0
1606 0 0 0 0
1607 0 0 0 0
1608 0 0 0 0
1609 0 0 0 0
1610 0 0 0 0
1611 0 0 0 0
1612 0 0 0 0
1613 0 0 0 0
1614 0 0 0 0
1615 0 0 0 0
1616 0 0 0 0
1617 0 0 0 0
1618 0 0 0 0
1619 0 0 0 0
1620 0 0 0 0
1621 0 0 0 0
1622 0 0 0 0
1623 0 0 0 0
1624 0 0 0 0
1625 0 0 0 0
1626 0 0 0 0
1627 0 0 0 0
1628 0 0 0 0
1629 0 0 0 0
1630 0 0 0 0
1631 0 0 0 0
1632 0 0 0 0
1633 0 0 0 0
1634 0 0 0 0
1635 0 0 0 0
1636 0 0 0 0
1637 0 0 0 0
1638 0 0 0 0
1639 0 0 0 0
1640 0 0 0 0
1641 0 0 0 0
1642 0 0 0 0
1643 0 0 0 0
1644 0 0 0 0
1645 0 0 0 0
1646 0 0 0 0
1647 0 0 0 0
1648 0 0 0 0
1649 0 0 0 0
1650 0 0 0 0
1651 0 0 0 0
1652 0 0 0 0
1653 0 0 0 0
1654 0 0 0 0
1655 0 0 0 0
1656 0 0 0 0
1657 0 0 0 0
1658 0 0 0 0
1659 0 0 0 0
1660 0 0 0 0
1661 0 0 0 0
1662 0 0 0 0
1663 0 0 0 0
1664 0 0 0 0
1665 0 0 0 0
1666 0 0 0 0
1667 0 0 0 0
1668 0 0 0 0
1669 0 0 0 0
1670 0 0 0 0
1671 0 0 0 0
1672 0 0 0 0
1673 0 0 0 0
1674 0 0 0 0
1675 0 0 0 0
1676 0 0 0 0
1677 0 0 0 0
1678 0 0 0 0
1679 0 0 0 0
1680 0 0 0 0
1681 0 0 0 0
1682 0 0 0 0
1683 0 0 0 0
1684 0 0 0 0
1685 0 0 0 0
1686 0 0 0 0
1687 0 0 0 0
1688 0 0 0 0
1689 0 0 0 0
1690 0 0 0 0
1691 0 0 0 0
1692 0 0 0 0
1693 0 0 0 0
1694 0 0 0 0
1695 0 0 0 0
1696 0 0 0 0
1697 0 0 0 0
1698 0 0 0 0
1699 0 0 0 0
1700 0 0 0 0
1701 0 0 0 0
1702 0 0 0 0
1703 0 0 0 0
1704 0 0 0 0
1705 0 0 0 0
1706 0 0 0 0
1707 0 0 0 0
1708 0 0 0 0
1709 0 0 0 0
1710 0 0 0 0
1711 0 0 0 0
1712 0 0 0 0
1713 0 0 0 0
1714 0 0 0 0
1715 0 0 0 0
1716 0 0 0 0
1717 0 0 0 0
1718 0 0 0 0
1719 0 0 0 0
1720 0 0 0 0
1721 0 0 0 0
1722 0 0 0 0
1723 0 0 0 0
1724 0 0 0 0
1725 0 0 0 0
1726 0 0 0 0
1727 0 0 0 0
1728 0 0 0 0
1729 0 0 0 0
1730 0 0 0 0
1731 0 0 0 0
1732 0 0 0 0
1733 0 0 0 0
1734 0 0 0 0
1735 0 0 0 0
1736 0 0 0 0
1737 0 0 0 0
1738 0 0 0 0
1739 0 0 0 0
1740 0 0 0 0
1741 0 0 0 0
1742 0 0 0 0
1743 0 0 0 0
1744 0 0 0 0
1745 0 0 0 0
1746 0 0 0 0
1747 0 0 0 0
1748 0 0 0 0
1749 0 0 0 0
1750 0 0 0 0
1751 0 0 0 0
1752 0 0 0 0
1753 0 0 0 0
1754 0 0 0 0
1755 0 0 0 0
1756 0 0 0 0
1757 0 0 0 0
1758 0 0 0 0
1759 0 0 0 0
1760 0 0 0 0
1761 0 0 0 0
1762 0 0 0 0
1763 0 0 0 0
1764 0 0 0 0
1765 0 0 0 0
1766 0 0 0 0
1767 0 0 0 0
1768 0 0 0 0
1769 0 0 0 0
1770 0 0 0 0
1771 0 0 0 0
1772 0 0 0 0
1773 0 0 0 0
1774 0 0 0 0
1775 0 0 0 0
1776 0 0 0 0
1777 0 0 0 0
1778 0 0 0 0
1779 0 0 0 0
1780 0 0 0 0
1781 0 0 0 0
1782 0 0 0 0
1783 0 0 0 0
1784 0 0 0 0
1785 0 0 0 0
1786 0 0 0 0
1787 0 0 0 0
1788 0 0 0 0
1789 0 0 0 0
1790 0 0 0 0
1791 0 0 0 0
1792 0 0 0 0
1793 0 0 0 0
1794 0 0 0 0
1795 0 0 0 0
1796 0 0 0 0
1797 0 0 0 0
1798 0 0 0 0
1799 0 0 0 0
1800 0 0 0 0
1801 0 0 0 0
1802 0 0 0 0
1803 0 0 0 0
1804 0 0 0 0
1805 0 0 0 0
1806 0 0 0 0
1807 0 0 0 0
1808 0 0 0 0
1809 0 0 0 0
1810 0 0 0 0
1811 0 0 0 0
1812 0 0 0 0
1813 0 0 0 0
1814 0 0 0 0
1815 0 0 0 0
1816 0 0 0 0
1817 0 0 0 0
1818 0 0 0 0
1819 0 0 0 0
1820 0 0 0 0
1821 0 0 0 0
1822 0 0 0 0
1823 0 0 0 0
1824 0 0 0 0
1825 0 0 0 0
1826 0 0 0 0
1827 0 0 0 0
1828 0 0 0 0
1829 0 0 0 0
1830 0 0 0 0
1831 0 0 0 0
1832 0 0 0 0
1833 0 0 0 0
1834 0 0 0 0
1835 0 0 0 0
1836 0 0 0 0
1837 0 0 0 0
1838 0 0 0 0
1839 0 0 0 0
1840 0 0 0 0
1841 0 0 0 0
1842 0 0 0 0
1843 0 0 0 0
1844 0 0 0 0
1845 0 0 0 0
1846 0 0 0 0
1847 0 0 0 0
1848 0 0 0 0
1849 0 0 0 0
1850 0 0 0 0
1851 0 0 0 0
1852 0 0 0 0
1853 0 0 0 0
1854 0 0 0 0
1855 0 0 0 0
1856 0 0 0 0
1857 0 0 0 0
1858 0 0 0 0
1859 0 0 0 0
1860 0 0 0 0
1861 0 0 0 0
1862 0 0 0 0
1863 0 0 0 0
1864 0 0 0 0
1865 0 0 0 0
1866 0 0 0 0
1867 0 0 0 0
1868 0 0 0 0
1869 0 0 0 0
1870 0 0 0 0
1871 0 0 0 0
1872 0 0 0 0
1873 0 0 0 0
1874 0 0 0 0
1875 0 0 0 0
1876 0 0 0 0
1877 0 0 0 0
1878 0 0 0 0
1879 0 0 0 0
1880 0 0 0 0
1881 0 0 0 0
1882 0 0 0 0
1883 0 0 0 0
1884 0 0 0 0
1885 0 0 0 0
1886 0 0 0 0
1887 0 0 0 0
1888 0 0 0 0
1889 0 0 0 0
1890 0 0 0 0
1891 0 0 0 0
1892 0 0 0 0
1893 0 0 0 0
1894 0 0 0 0
1895 0 0 0 0
1896 0 0 0 0
1897 0 0 0 0
1898 0 0 0 0
1899 0 0 0 0
1900 0 0 0 0
1901 0 0 0 0
1902 0 0 0 0
1903 0 0 0 0
1904 0 0 0 0
1905 0 0 0 0
1906 0 0 0 0
1907 0 0 0 0
1908 0 0 0 0
1909 0 0 0 0
1910 0 0 0 0
1911 0 0 0 0
1912 0 0 0 0
1913 0 0 0 0
1914 0 0 0 0
1915 0 0 0 0
1916 0 0 0 0
1917 0 0 0 0
1918 0 0 0 0
1919 0 0 0 0
1920 0 0 0 0
1921 0 0 0 0
1922 0 0 0 0
1923 0 0 0 0
1924 0 0 0 0
1925 0 0 0 0
1926 0 0 0 0
1927 0 0 0 0
1928 0 0 0 0
1929 0 0 0 0
1930 0 0 0 0
1931 0 0 0 0
1932 0 0 0 0
1933 0 0 0 0
1934 0 0 0 0
1935 0 0 0 0
1936 0 0 0 0
1937 0 0 0 0
1938 0 0 0 0
1939 0 0 0 0
1940 0 0 0 0
1941 0 0 0 0
1942 0 0 0 0
1943 0 0 0 0
1944 0 0 0 0
1945 0 0 0 0
1946 0 0 0 0
1947 0 0 0 0
1948 0 0 0 0
1949 0 0 0 0
1950 0 0 0 0
1951 0 0 0 0
1952 0 0 0 0
1953 0 0 0 0
1954 0 0 0 0
1955 0 0 0 0
1956 0 0 0 0
1957 0 0 0 0
1958 0 0 0 0
1959 0 0 0 0
1960 0 0 0 0
1961 0 0 0 0
1962 0 0 0 0
1963 0 0 0 0
1964 0 0 0 0
1965 0 0 0 0
1966 0 0 0 0
1967 0 0 0 0
1968 0 0 0 0
1969 0 0 0 0
1970 0 0 0 0
1971 0 0 0 0
1972 0 0 0 0
1973 0 0 0 0
1974 0 0 0 0
1975 0 0 0 0
1976 0 0 0 0
1977 0 0 0 0
1978 0 0 0 0
1979 0 0 0 0
1980 0 0 0 0
1981 0 0 0 0
1982 0 0 0 0
1983 0 0 0 0
1984 0 0 0 0
1985 0 0 0 0
1986 0 0 0 0
1987 0 0 0 0
1988 0 0 0 0
1989 0 0 0 0
1990 0 0 0 0
1991 0 0 0 0
1992 0 0 0 0
1993 0 0 0 0
1994 0 0 0 0
1995 0 0 0 0
1996 0 0 0 0
1997 0 0 0 0
1998 0 0 0 0
1999 0 0 0 0
2000 0 0 0 0
2001 0 0 0 0
2002 0 0 0 0
2003 0 0 0 0
2004 0 0 0 0
2005 0 0 0 0
2006 0 0 0 0
2007 0 0 0 0
2008 0 0 0 0
2009 0 0 0 0
2010 0 0 0 0
2011 0 0 0 0
2012 0 0 0 0
2013 0 0 0 0
2014 0 0 0 0
2015 0 0 0 0
2016 0 0 0 0
2017 0 0 0 0
2018 0 0 0 0
2019 0 0 0 0
2020 0 0 0 0
2021 0 0 0 0
2022 0 0 0 0
2023 0 0 0 0
2024 0 0 0 0
2025 0 0 0 0
2026 0 0 0 0
2027 0 0 0 0
2028 0 0 0 0
2029 0 0 0 0
2030 0 0 0 0
2031 0 0 0 0
2032 0 0 0 0
2033 0 0 0 0
2034 0 0 0 0
2035 0 0 0 0
2036 0 0 0 0
2037 0 0 0 0
2038 0 0 0 0
2039 0 0 0 0
2040 0 0 0 0
2041 0 0 0 0
2042 0 0 0 0
2043 0 0 0 0
2044 0 0 0 0
2045 0 0 0 0
2046 0 0 0 0
2047 0 0 0 0
